1.99240209321709e-15
7.08729146038323e-16
4.65172812006395e-16
-5.69565793009398e-15
1.65065396644405e-15
-4.69030351788073e-16
-2.27552042706346e-15
3.7933363885658e-15
-3.69986543524318e-15
1.42414142158187e-15
-2.08558175863032e-15
2.12447428261772e-15
-4.77069036016819e-16
-3.8796611692916e-15
6.86704991190482e-16
5.01310686440332e-15
-3.0063618036383e-15
4.92412804754406e-15
-3.90341468493444e-15
4.2042238304906e-15
-2.14898359655187e-15
2.36318949792696e-15
-1.84674689997907e-15
4.28447340399955e-16
-6.28322297691019e-17
-4.11545978194614e-15
3.9118731944854e-15
-3.67137335604135e-15
2.75217897545982e-15
1.04086241549097e-15
1.57516434173663e-15
-2.8367745380767e-15
1.68250125238449e-15
-2.25625443664227e-15
5.25759416922703e-15
-2.99185131178777e-15
-7.27755549124026e-16
-2.7530894064968e-15
1.87750484786491e-16
-3.84850398942159e-15
3.51995734898865e-15
2.66750247731965e-15
6.71389376372109e-16
7.47004635851102e-16
-1.97978880985104e-17
-7.10527728153039e-16
-3.99938413072255e-15
1.19401133448451e-15
-2.95007597080726e-15
-1.02054769258195e-16
-2.73147098653363e-15
2.21438124694528e-15
-7.89690800059431e-16
4.8255949341802e-16
-4.28393504562932e-15
1.26024277067367e-15
-1.2979734586242e-16
1.27097498247947e-15
1.02851088115523e-15
-2.24707006543779e-15
1.99003855233519e-15
-2.43102744703432e-15
-7.40817819904289e-17
1.13704993663409e-16
-1.17050394255118e-15
2.26023942195781e-15
2.01899667026427e-15
-3.25585822468082e-15
1.47296135453452e-15
-5.92709126529615e-16
-2.68802462709273e-15
5.68128212622223e-16
2.03746184210304e-15
-8.86206724459915e-16
3.34771331754911e-15
-4.60110157691031e-15
-1.3394099947439e-16
-1.76649065548436e-15
1.08474096967925e-15
3.08326253364136e-15
1.20825965090725e-15
9.30536765693216e-17
-2.51943300312313e-15
3.41988759068047e-15
-6.27819777201883e-16
-4.15218767521122e-16
-1.72454778283973e-16
-5.61536234635027e-16
-1.41907809083112e-16
-1.80082503209452e-15
7.30702744200448e-16
2.60702661936571e-15
1.6617608812784e-15
-3.74694746697068e-15
-9.45893961009476e-16
2.1920733328409e-15
8.58964822149036e-16
-4.87898833025396e-15
5.06584487034644e-15
-2.20851571335419e-15
1.16899163516979e-15
-1.85892213628965e-15
4.42526457989885e-15
-2.52198592438472e-16
3.0773366390049e-15
-4.3894122863946e-15
3.99985919759965e-15
1.39436870717094e-15
1.25842881048432e-15
-7.97904210982705e-15
1.84265771916182e-15
-1.52771313494739e-15
-1.82750979511776e-16
-1.69862376443309e-15
4.11835945050941e-15
-1.55981128971293e-15
2.10345164501317e-17
1.64109452027212e-15
-3.56866847622038e-16
1.56872865753199e-15
2.19600833613991e-15
-2.02569907567694e-15
3.01924119505799e-15
1.55393045043565e-15
-3.06407323758621e-15
1.8625804293885e-15
-6.83879239530632e-15
8.09547792434393e-16
1.26598372150102e-15
-7.45936342883576e-16
-1.94995913189158e-16
2.24414942301686e-15
2.69568041119358e-15
1.86157166385715e-15
-2.77656630414017e-15
-3.27091468849707e-15
2.01711076922713e-16
-2.29742943997931e-15
-2.15063620057596e-15
7.38995957689034e-15
1.66202118022208e-15
-1.05571631790058e-15
1.22440234340882e-15
-1.71427069046842e-15
-2.41281804557326e-15
2.62343816354244e-15
-2.20420089794245e-15
1.12624224095207e-15
3.63706846457533e-16
-1.6916177201367e-15
1.86971387877902e-16
-1.43908135033101e-15
9.06242529137553e-16
-2.74379978440825e-15
-2.97723815835718e-15
2.52428462620221e-15
-2.21579785861884e-15
-2.65653621163846e-16
1.78631327470799e-15
-2.33838469858847e-15
7.03792068207474e-16
-1.82908112662718e-15
2.90330594445517e-15
-6.05149434803009e-16
-1.07575095466286e-15
1.1361774356015e-15
-1.10604045491535e-15
2.49743542572322e-16
3.88763966196628e-15
-5.12361648051942e-15
1.07391580741862e-16
-3.81708768649557e-15
-1.97580359297466e-15
-2.50781138444971e-15
1.24439161557964e-15
-1.94902802629136e-15
-2.10747890694482e-15
1.03881819028917e-15
-8.58675266493169e-16
4.25491659603049e-15
-4.45109558954237e-15
-9.46852466247135e-16
1.68790225305568e-15
-2.40830817947922e-15
2.82411313053032e-15
1.10613451938873e-15
1.62559996231663e-15
-8.73232004647892e-16
1.36040583949833e-15
4.54472417039752e-16
2.06971201527478e-15
1.73394786206153e-15
-4.21054169103997e-17
9.83173782735901e-16
-2.03646278168775e-15
6.4809672885895e-17
2.17017955939548e-16
1.53321603217646e-15
3.20033039489423e-15
2.99422885581754e-15
-3.13268636334887e-15
-6.31685702769914e-16
-1.93760384477897e-15
-2.46255689277026e-15
9.67126098901115e-16
-1.958132353268e-15
1.11547531137162e-16
2.85255711049432e-15
-2.10889534811173e-15
2.78082339830508e-15
1.74379554201326e-15
-4.12130262554586e-15
1.40064898729278e-15
1.89116234698771e-18
-1.25401031633306e-16
-4.50428518607087e-15
4.57917290277988e-16
2.57718647695148e-15
-6.17211260540693e-16
-2.11578504175239e-15
-1.86336135693093e-15
-1.23759991324977e-15
2.29117460812289e-15
-4.10175514492609e-15
-2.30599575692649e-15
2.37348361500389e-15
-2.63366555282567e-15
-7.65181071669928e-16
-1.82401089929786e-16
2.01138493489207e-15
-1.57993182098827e-15
-1.42042083540356e-16
-3.74282241874585e-15
3.00483215844954e-15
-2.41871496790766e-15
5.11998876769844e-15
-4.67910198364078e-15
1.75032291686281e-15
2.7259817177061e-15
-5.45984817053253e-16
-8.32415276184124e-16
-2.64412472209517e-15
-2.53509118600329e-15
3.00385491269613e-15
-5.70651449702068e-16
2.23274279484515e-15
1.15232207294303e-15
-3.65954522887079e-15
-5.52915781439574e-16
-3.41104458045054e-15
4.53120897311475e-15
-4.44345413641768e-15
1.00677666515776e-15
-2.45107469397702e-15
2.47206075629551e-15
4.84771895721906e-15
1.55157447722153e-15
-2.99554436156788e-15
-2.39350386509265e-16
-7.70598759246044e-16
1.12572723846234e-15
-2.9505121929512e-15
-1.75349578477738e-15
-2.64819223661593e-15
3.67002172972644e-15
-3.88263925802168e-15
1.64084205431762e-15
-4.92056136244931e-15
-4.32726573318722e-15
4.18581378896541e-16
1.73368044794908e-15
-5.49341228918053e-15
4.24859046421218e-15
1.13745545095825e-15
-1.2062826056555e-15
4.47127977516551e-15
1.56948712794045e-15
-2.20234441015225e-15
4.75733430051244e-15
-3.11815325011656e-15
4.43995186094454e-15
-1.88565279996171e-15
-5.62824775892583e-16
2.19197209675387e-15
9.72466407507411e-16
-1.1810506878548e-15
4.88680559011946e-16
1.13707427903335e-15
3.65725979729887e-16
2.01345483508771e-15
-4.92975639125646e-16
9.92498203460451e-16
1.32105817480217e-15
-1.7092024434377e-15
-5.74908094873685e-15
4.66059070951953e-15
-4.07607661002944e-15
3.30564423248522e-16
-1.90051221240157e-15
3.6544248397566e-17
9.56976034444184e-16
3.7271549926787e-15
-3.63454528266405e-16
-6.28313256299154e-16
-3.08302651948964e-15
2.77644711169385e-15
-2.82331860763081e-15
3.1019470518695e-16
1.57430399580527e-15
-6.86730353728502e-16
3.80204911423518e-16
1.89842475962272e-15
3.30461273444596e-15
-1.96787450177981e-15
-6.74562801506621e-16
2.39934065573432e-16
-1.33464721073921e-15
-3.67155190965202e-15
3.36870777561001e-15
-2.5079055271263e-15
1.64957301278613e-15
-2.2470696551191e-15
1.28488470369753e-15
-1.644321167882e-16
2.25976661926786e-15
-3.20449078781796e-15
1.71113181639799e-15
1.87997658807164e-15
1.39381035479527e-15
-2.25743271236143e-15
3.7501806759142e-15
-4.32617996924134e-15
3.45816900900514e-15
-3.3982016182854e-15
-4.54452997667206e-16
-1.66958785771436e-15
2.1923441531883e-18
-5.97751405409276e-16
-4.37167573269978e-15
2.69901436211979e-15
-8.77154585353005e-17
-2.89205309034174e-15
-1.83584923964269e-15
1.53441628856386e-15
-3.80827869847015e-15
6.14428544210597e-16
3.02613582201448e-15
-2.93222312296966e-15
-1.97481587693803e-15
-2.45343382201554e-15
-6.53492748202337e-16
-1.16611156905938e-15
-2.49117128068577e-15
-1.64628704420533e-15
2.19332762113227e-15
-3.19425862627123e-15
-1.95991101183808e-15
3.1589654580619e-15
-8.6034903700471e-16
-2.02392783863877e-15
-2.75384365639037e-15
2.53976694564592e-15
-3.88050033811645e-15
1.47819317686479e-16
1.21263270883303e-15
-3.49763045391165e-15
6.92428020583203e-15
-1.01468857959348e-15
-8.32343870567529e-16
-4.73961167880793e-15
-9.72991918538877e-16
-6.14596642955202e-16
3.8615805502259e-15
-1.40896047923724e-15
2.01284641795028e-15
-1.58968951425847e-15
-1.12352286241395e-15
-8.60028476860817e-16
1.63322403521747e-15
-1.77540487304417e-16
1.01249262344669e-15
-2.07553158124592e-16
3.11109716306504e-15
1.33611291223771e-15
4.88864867223241e-15
-4.46205645324534e-15
1.20543419724042e-15
-4.5184927148337e-15
4.23356756371134e-15
-4.2795849516477e-15
3.93395057583501e-15
-4.19558619858711e-15
3.80111206120278e-15
-1.45037815345612e-16
-9.84533904608633e-16
3.71284040330077e-16
3.35018036862284e-15
1.32263227405116e-15
1.13789457371733e-15
-4.39633516347177e-15
2.76024473136702e-15
-1.94923555613805e-15
1.62641872299755e-15
-4.10370634529285e-15
5.83292429374715e-17
3.30317120493085e-15
-2.47893900737177e-15
4.17577852802273e-16
-6.23599656795635e-16
-3.99084701092576e-15
4.51803237835013e-15
1.23958115291979e-15
-3.60215726259522e-15
3.131058340584e-15
-1.23815712574849e-15
2.12205201908115e-15
1.81543787163934e-15
2.65194581361818e-15
8.69366316013186e-17
-7.81578973253448e-16
5.47097930161336e-17
-2.14324344459747e-16
3.53328926346139e-15
-1.69369175482787e-15
-1.9269585500765e-15
8.5683565884454e-16
4.82886981085696e-17
-5.37388881333535e-16
4.21171083317363e-15
-3.76816611287242e-16
-2.06813331584525e-15
3.17189399256572e-15
-3.98334005458668e-15
3.31332776409941e-15
2.57043223003546e-15
-3.50459828807593e-15
2.48430609435587e-15
1.8165515179248e-15
-3.25416196026883e-15
1.03480462772085e-15
9.14542951767822e-16
-2.26549957594152e-15
-3.18133335462486e-15
6.11818559959106e-15
-3.47670926674094e-16
4.72892474195681e-16
-2.62846282654942e-16
-8.86108705784767e-16
3.73601323918959e-15
-7.95273130715659e-16
-5.62998425376396e-16
1.033667468166e-15
-1.3065886214722e-15
6.65051498738741e-16
1.73559829153734e-16
-4.23973981513519e-15
1.80714292605464e-16
5.16652111130942e-16
-6.0405625468632e-15
2.05626512160376e-15
-1.38956062389273e-15
-7.68341847153657e-18
6.15002172595577e-16
1.06800267408758e-16
-5.10043753598215e-15
4.59043668844488e-15
-6.22293773203555e-15
2.52343304108355e-15
-8.54153942447675e-16
-3.88798220402388e-15
1.08621864933901e-15
-2.7484114408384e-15
-9.15652466707338e-16
-3.67473657195458e-15
5.37267836258858e-16
2.08550654198549e-15
5.03006951817681e-16
-1.75142967920198e-15
-2.66805853413478e-18
1.98968004755423e-15
3.0276620328916e-15
-4.3853161396661e-15
6.54981393309395e-16
-2.04124146385552e-15
4.17144730625902e-15
-2.76522956242298e-15
3.27813824561981e-15
1.19409315072134e-16
-3.32334532475402e-15
-2.9997035538759e-15
2.35815501775564e-15
-1.72287403182837e-15
-1.56109323881891e-15
4.4705291230095e-15
-4.74863210139531e-16
-2.86112750863321e-15
1.68986613639718e-15
-1.51968703182092e-15
2.64706392012776e-15
-4.29389196734778e-15
2.37587662650904e-15
3.04841940547497e-15
-2.5701794337507e-15
3.3137207769511e-15
2.92485218553863e-15
3.23862237324415e-16
-4.93788644889126e-15
-9.46437281795948e-16
3.05731143536615e-15
-4.58746908498804e-15
4.12322889301926e-15
-3.3023918584553e-16
-2.53377268772302e-15
1.11551673444997e-15
-3.22862323525332e-15
2.22369728139456e-15
1.67362423347701e-15
-3.6861700309108e-15
2.3096939728043e-15
1.04878028221502e-15
-4.62048544116933e-15
7.26872284191264e-16
2.91166016284307e-15
-1.3076219967241e-15
3.76704793179629e-15
-1.16095499908169e-15
-5.29714143409442e-15
1.7408535304955e-15
-3.47323812611679e-16
-2.84763005615041e-15
1.16519728380422e-15
1.32152153596854e-15
-1.84846994967393e-15
1.26612430280326e-15
-3.06841742142566e-15
4.01855290160735e-15
-4.12136215833469e-16
-1.86914538782244e-15
2.37845023030841e-15
-4.86123313936452e-15
9.89290315994195e-16
1.83350981777191e-15
-6.87820746211913e-17
3.26177359585954e-15
1.33952050534925e-15
2.29946176481864e-15
-3.1791526458305e-15
7.06764520642095e-16
2.61885310398004e-15
-5.66447474814123e-16
3.62163993835384e-15
-5.16790343611525e-15
-6.00359990283963e-17
1.74468396887086e-15
-2.86228002233402e-15
3.43519379589003e-15
-1.16888364271922e-15
2.69006909799681e-15
-1.65068831146367e-15
5.29537040320814e-16
-2.89066236481154e-15
1.67081485178282e-15
6.03501558748596e-15
-2.14954737086533e-15
2.27583173586005e-16
2.1635401270414e-15
-3.04901455066799e-16
-1.21518299537999e-15
-2.52812256671375e-15
3.60787601060817e-15
3.19492019848597e-15
-5.58087660753319e-15
6.0124646273544e-15
-1.99970254293407e-15
3.14197309003901e-15
-2.43402525824188e-15
2.50733555563718e-15
-4.32990324292109e-15
2.84437369498896e-15
3.98723160954496e-16
-2.22637169821762e-15
5.52815239717777e-15
-6.16822974853537e-15
4.28329133370874e-15
-5.73304820887272e-16
-1.91411661305077e-15
5.21979156100558e-15
-3.90240621541607e-15
-2.7723458088644e-15
-1.61595530839748e-15
-2.08175644836338e-15
-1.30843373412801e-15
-8.09773289651456e-16
-1.19292195163097e-15
7.96987760326153e-16
-2.26337586627061e-15
1.31663677248028e-15
-5.31298822182385e-15
5.20907548630072e-15
-3.20547344966987e-15
1.93140454777703e-15
3.62819062562212e-15
-4.7321066771909e-15
-1.17760810699425e-15
8.71391536293804e-17
3.27472590953461e-16
-2.76008227228879e-15
5.41503924016754e-15
-6.09051498754341e-15
2.38128132491081e-15
-1.45759682300506e-15
-2.40365727877121e-16
-3.74330247621538e-16
-1.25819018843756e-15
2.85664609097443e-15
3.14356432035671e-15
-1.17501113886385e-15
2.53655733219538e-15
-3.74524098217409e-15
9.68333577142085e-16
-1.22986790814022e-15
2.40741064821176e-15
-3.36619056682083e-15
2.65402710226589e-15
1.59851081589068e-15
-1.15797706995406e-15
4.48085587394245e-15
-1.40523567555887e-15
-1.51029939732545e-15
5.0619856380314e-15
-3.71753029059726e-15
3.19533571571625e-16
7.10608954111483e-16
2.01327007884791e-15
-2.72414255943606e-15
-1.06273527380541e-15
7.91097942992576e-16
4.03310507852617e-15
-7.59808956023255e-16
1.76910628925487e-15
3.03970315307313e-15
8.37284756344774e-18
1.62578973837478e-15
2.0211822379592e-15
-2.55875607760992e-15
3.11057795351437e-15
1.30658535424207e-15
-2.65566993592944e-15
-4.47644814705057e-17
3.54866568313969e-15
-3.29709957747755e-15
-2.68264841493495e-15
3.74649465195782e-15
-1.96112860270667e-15
-9.72296228660444e-16
-1.35858685045662e-15
-3.37983750946576e-16
5.64144674207796e-16
-4.43478886021769e-15
-1.52765620498919e-15
4.85917046902416e-16
-1.49579050039303e-15
2.76189098448193e-15
-1.34437669077063e-15
2.83193929198098e-15
-3.72601400013066e-15
7.47083779165831e-15
-8.78555725356553e-15
3.10469442208207e-15
1.52860766994301e-15
-2.39228233746731e-15
-9.00238032536962e-16
7.96648196269153e-16
-4.15005612171761e-16
1.08750451241597e-15
-9.58847413936663e-16
-2.16957806197639e-15
2.03368318104541e-15
1.63087295565453e-15
-1.79811463518755e-15
3.58613494452958e-15
-1.13401992164556e-15
2.19267710072154e-15
-4.85786156518213e-15
-1.51424490092745e-15
3.43659731272323e-16
3.11257952565644e-16
2.3380732433795e-15
-3.28272113319652e-15
1.63133502707816e-15
-5.83189537950236e-16
4.24178719377814e-15
1.29745968783962e-15
-1.69345635824756e-15
9.5856004067133e-16
9.13406318922755e-16
8.72807905567038e-18
3.96066283544799e-16
1.68003497335326e-15
-3.57164764360543e-15
4.47236540746895e-15
-4.52724837527774e-15
-1.55358584276457e-15
-1.53748891714984e-15
-4.15828150691892e-15
-1.42551133081076e-16
1.37429013097489e-15
5.37302058516272e-16
-3.0255774199235e-15
-9.92613755711487e-16
-9.66369846240967e-16
5.71026893101183e-16
-4.7075849747424e-16
5.09334658771503e-16
-2.01245236580568e-15
4.64644356124874e-15
-1.26777529463794e-15
-2.50086994269351e-16
-4.14388615767821e-15
2.27987675225197e-15
-2.31849154968152e-15
-1.50241180362058e-16
3.5817776659614e-15
7.18245317211777e-16
-3.14930280216923e-15
3.05291260114821e-15
-3.39418867648165e-15
1.0131608142392e-15
-9.08666490140226e-16
1.90722804430627e-15
1.111329811615e-15
8.65333436849663e-16
-8.5286246819457e-16
1.52175723403012e-15
-3.06994010419062e-15
-2.06229284481531e-15
1.92749385112024e-16
1.97592089830399e-15
3.46407487140012e-15
-3.26226103368531e-15
-1.22858111172571e-16
-5.97275293283146e-16
-2.03310705909327e-15
8.36823757845189e-15
-2.37247173294721e-16
4.18634324632109e-15
-4.94023908853586e-15
1.85943037366336e-16
6.73371142394257e-16
-2.71027302118309e-16
-4.52154274013238e-15
4.06610395518371e-15
5.69971384164737e-16
1.83578169880719e-15
-2.40734721356498e-15
1.8071729778176e-16
1.69385203290447e-15
-1.43063924771514e-15
-2.71568205811698e-15
-2.9348437329049e-16
-1.50728434599472e-15
-1.16148550142331e-15
2.85316581599152e-15
-1.10950148645239e-15
9.97939201009957e-16
1.45223623984288e-15
-3.95379866892308e-16
5.3960896824261e-16
4.04380940764287e-16
-3.88686183155704e-15
2.0335697100533e-15
3.61189258486199e-15
3.82602451312865e-15
3.03316823606987e-15
3.24948431918229e-15
-2.8427870624099e-15
1.21711881771281e-16
1.49123521703496e-16
1.43221996340706e-15
3.32882603069302e-15
-9.55898336150315e-16
3.78726801615899e-16
-1.57485386699301e-15
-1.76922380891521e-15
6.98820014261416e-16
-3.19629768210922e-15
-1.42178161891208e-16
3.51722796061702e-16
8.2575415829836e-16
6.47811860325189e-16
-2.30509993238477e-16
1.63630583611022e-15
-6.58918187764874e-17
3.2650302904137e-15
1.32082745664297e-15
-1.21094187393699e-15
4.23655344054978e-15
-5.26836912274367e-15
-1.6678165387592e-15
-8.40516230371373e-16
-2.57091332097275e-15
4.04301364277039e-15
-2.50002894056546e-15
-4.24009180120059e-16
2.02302922079253e-15
-1.56448692473452e-15
6.24445369776596e-16
-4.19737386060881e-16
-1.23447629456396e-15
-4.8950282417894e-15
2.9969619744331e-15
5.26705360739635e-15
-4.38627798076742e-15
-2.32820647344875e-15
4.86847496253866e-16
-1.55153048427072e-15
-3.75590132343691e-17
3.29202189203585e-15
-3.30777601130321e-15
4.26724822910291e-15
-3.26279555213497e-15
3.45128494704632e-15
-1.24626995194491e-15
-1.56934972149594e-15
-5.20226855123332e-16
-1.80976498498459e-15
-1.70057878750211e-15
5.13088897542122e-16
-2.38788274787045e-15
4.90706601001223e-15
6.27849054170052e-16
8.15338645279748e-16
1.75531642983291e-15
9.95021406016259e-16
-5.60928378666991e-15
5.73946351445031e-15
-3.60107757836889e-15
-6.94800292877588e-16
1.55714359246361e-15
-2.10265319265799e-15
-2.08687634637413e-15
3.34047036082462e-15
-4.27224048286678e-15
1.30344883731927e-16
7.54748025475537e-15
-1.23659072125689e-15
-3.08550268471804e-16
-1.23477438596169e-15
7.6263827408661e-16
-9.8825958371405e-16
-2.14761601382021e-15
-1.09206743067179e-16
3.02390624600774e-15
1.22380079419935e-15
-3.19181020378064e-15
1.43317361790291e-15
-2.37471707538327e-15
-1.03840820897332e-15
-3.13446049629518e-15
2.13405837659425e-15
2.15756820415715e-15
-6.86120152942092e-16
-4.10784197430761e-16
2.43867466758682e-15
1.66417832338189e-15
-3.74815271070772e-15
3.36573693524539e-15
-5.59347875388493e-16
7.55876424045275e-17
2.66629481452213e-15
-5.49130273980278e-16
-2.07820861755692e-15
3.88793721119882e-15
8.01152983852832e-16
1.43666856677095e-15
2.63821367714426e-15
-3.47411207438426e-15
2.49894106683595e-15
-2.33418408437308e-16
-8.72675875298002e-16
4.2015112498623e-17
2.74112681452053e-16
1.17306667414399e-15
5.29631694277816e-15
-3.01657759639323e-15
9.97095050445744e-16
2.36246859535965e-15
-6.47088742848702e-16
-3.33078621095185e-15
3.80585564457113e-15
1.71569097995369e-15
3.36379732839324e-15
-1.0730925629958e-15
4.17167563417846e-15
6.13785573045251e-16
1.20606278582069e-15
-6.94143592859134e-15
1.60769846971018e-15
1.94600420720914e-15
-1.04703661705526e-15
-2.90121434804201e-15
3.0350890077325e-15
-1.4296411811722e-15
1.28861307235168e-15
1.01916155641639e-15
-3.67662918938466e-15
3.41598798819414e-15
-2.12206457942238e-16
-1.24048175385415e-15
2.26969378414919e-15
6.62447044638586e-16
3.90256409437334e-15
-4.10403597039604e-15
3.81893599846955e-16
1.88114754698715e-15
-1.84039267222294e-15
-2.57554889107193e-16
3.65485067406391e-15
-1.59075025673484e-15
5.74907122746977e-15
-1.86041914115494e-15
2.14003580750294e-15
1.26377494906235e-15
-4.66748782686234e-18
4.1302757680309e-16
-8.04431578204093e-16
1.38136228119106e-15
2.63236201700287e-16
-2.07819575941709e-15
2.58886822859787e-15
1.18384088691732e-15
-1.18281540110266e-15
1.73576691397482e-16
-8.77363386677471e-16
-8.1267121925459e-16
5.90568856878991e-16
-2.96929636586305e-15
3.4869899247593e-15
3.09294847684851e-16
-3.62547948504015e-15
3.37358880875408e-15
-1.33437681301658e-15
1.05025623720634e-15
3.40198937445751e-16
-3.00709362293593e-15
4.49552072119081e-15
1.94864713397603e-15
-6.75344611974858e-15
2.29343844321693e-15
6.2703336218239e-16
8.06637222180356e-17
4.30992638610915e-15
5.82795258173491e-16
9.99318043529198e-16
-1.96282640236961e-15
2.85188674710359e-16
-1.12588468527579e-15
-1.26454445361953e-16
5.63453150588597e-15
-6.77300249582211e-15
5.32934986847941e-15
-2.54992571583468e-15
9.3095364753876e-16
1.43924313474217e-15
-3.93841880371729e-15
1.02933843417344e-15
2.9667930083147e-15
-1.7580893965299e-15
4.88923274655759e-15
-2.18650866508397e-16
-3.87306599474844e-17
-7.05814873252203e-15
-3.22931078310337e-15
7.06625688666785e-15
-1.76579823619678e-16
-1.18467060792684e-15
-3.47708284080982e-16
2.58789655471449e-15
-7.7119526465478e-16
-9.42248238233462e-16
3.87147357965678e-15
-1.66254493820786e-17
2.0621612189654e-15
1.43195890125164e-15
-3.35845268819872e-15
3.7525909206384e-15
2.14383501614547e-15
-3.14295427251364e-15
3.87686516991994e-15
2.80018508814314e-15
-3.58239177035342e-15
3.37490010031944e-15
-3.54864866544389e-15
2.67290267890079e-15
-2.58514815775586e-15
2.9806849443073e-15
-4.52093234668205e-16
-2.72466626283635e-15
5.37802008269085e-15
-2.97137433152444e-15
3.06883717663972e-15
-2.43191758579066e-16
3.90824187189119e-15
-3.6853023452373e-15
-2.84270291600216e-15
4.99411516178968e-15
-8.47466371204904e-16
-2.0627229646857e-15
1.75878876130805e-15
-1.5512625984872e-15
5.53566854563966e-16
-1.36615443155523e-15
-3.75926999432022e-16
1.63558134001007e-15
5.92766684400545e-16
1.90855647308311e-16
3.05902582632999e-15
9.2977719584994e-16
-1.78751576758785e-15
2.18820898606183e-16
-1.81850033407598e-15
-7.96579029275371e-16
-7.67644303098485e-16
2.90743603246544e-19
-4.33363219933805e-15
2.5576259444696e-15
-2.70105049207409e-16
4.58666248101733e-16
1.8293236904842e-15
4.77648609949507e-16
1.16799079583803e-15
4.03435309351031e-16
-5.74238266862373e-15
5.7099099638619e-15
-3.5411021242206e-15
1.16475097876003e-15
-2.15998758050118e-15
8.15800294784511e-16
-2.97066388138285e-15
8.25935546223778e-15
-5.68753742855469e-15
2.79852736253254e-15
1.43876042144101e-15
1.27233806039279e-15
-1.64360926790419e-15
5.94884047673654e-15
-3.82881710642137e-15
1.63183101368606e-15
1.43186390586538e-15
-2.68156145718131e-15
1.85480737485677e-15
1.51537424403314e-15
-3.09646854330152e-16
5.20797328048142e-15
-5.00379842628919e-15
7.22368134485662e-16
2.06140367520082e-15
1.69859091917815e-15
-3.37978329856873e-17
1.5688939229967e-15
-1.50110070574594e-15
1.65814539539523e-15
-1.43425939186629e-15
8.67587640770293e-16
-1.69495578448245e-15
-2.01411212880852e-15
3.19291513236571e-15
-5.33831390552182e-16
-8.75223988316169e-16
-2.2023158212173e-15
1.63693153301308e-15
1.63279791717604e-15
-2.10443978021024e-15
1.26911249944105e-16
2.57576989228438e-15
-2.91160946300235e-15
-5.70682901223256e-16
-2.15850210998992e-15
2.1231067778442e-15
1.52057358456635e-16
-5.12430052151874e-15
-1.04904757632323e-15
4.27268577912538e-15
-2.26452597574881e-16
2.25347243527805e-15
-1.90104416231896e-16
1.06610380133616e-15
2.75825839972587e-15
-3.48027942652246e-15
-2.21605878323145e-15
6.40141195223666e-16
-1.01154184245178e-15
6.56132011117647e-16
-1.48209799789163e-15
-2.54130061941934e-15
2.29988994611629e-15
2.89798481230234e-15
1.68573657424684e-15
9.70623106796444e-15
-5.31568149263913e-15
3.65139810412934e-15
-2.79754831586396e-15
3.49272470129145e-15
8.14753171973439e-16
4.71078459567874e-15
-3.60495631347575e-15
2.81236844906425e-15
-2.75714508362825e-15
2.4054763846753e-15
-2.25679241476171e-15
4.65110677655773e-15
-2.9348154097815e-15
5.89632983104326e-17
8.06722237873391e-16
3.05200529236418e-15
-6.15496598327499e-16
-8.65646968116774e-16
2.06215958976437e-15
-1.18233577837596e-17
-2.10188061237646e-15
-2.35568879046611e-16
-3.08103617513885e-15
-3.81178774465339e-16
-1.90571831330396e-15
6.82165592471119e-15
-4.42722624570364e-15
-6.46204521198208e-16
-8.05884611743363e-16
1.03663480454346e-15
-1.48659053201385e-16
2.38678293913387e-15
-3.61225044417974e-15
2.28259337209332e-15
-3.48172026478221e-15
3.17108541177426e-15
3.02343227966395e-15
-1.35070481563034e-16
-1.68330805871446e-16
-6.28096772498045e-17
-4.59010754464393e-16
1.14391649008059e-15
1.47568132498923e-15
-2.24921219241696e-15
1.22561948280895e-15
-2.26174388954829e-15
3.60421600133423e-15
6.55968788270194e-16
3.20734479781289e-16
3.60444804878009e-15
1.68990226729757e-15
3.44366165823016e-16
1.52744102533192e-15
5.24559144419429e-15
-2.39380260442382e-15
-2.12707611722262e-15
6.26673687929528e-15
-5.79529833339065e-15
2.90451172821797e-16
3.55153682642209e-15
-2.34305494538836e-15
-1.16977646989723e-15
2.48175625914913e-15
-2.6973964444958e-15
-3.95114687013623e-15
1.64601961575444e-15
-4.32781039956052e-15
3.39833529363982e-15
-1.80173849971754e-15
-3.8105854305281e-15
8.81077376839883e-16
-2.49703936577433e-15
1.69310922585873e-15
1.78474843476207e-15
6.78605895016739e-16
9.98247443346987e-16
1.02321687152409e-15
-2.42600669905597e-15
5.29237713688139e-15
-3.53086846870274e-15
3.65893035675555e-15
-1.27875350691365e-16
2.10261991800079e-15
-1.63797859767917e-15
2.62831615902495e-15
1.99194582059068e-15
-2.430526998828e-15
1.8794388866579e-16
-5.94604095012987e-16
-5.25380933543673e-15
-1.01788080604647e-16
-2.80681521342942e-15
2.10550284281414e-15
2.55566990615824e-16
-2.44295925271917e-16
-3.30224042871255e-15
-3.80842119300085e-16
-1.03525261715508e-16
1.36793358171753e-15
-1.12547250927711e-15
-2.15846740138156e-15
3.41919709775624e-15
-1.91526027225534e-15
-1.15641454936583e-15
5.89399733199323e-16
-1.0072361540349e-15
1.61892091146134e-15
2.2788263795398e-15
-3.6016973808192e-15
2.20431979323621e-15
1.28464311834357e-15
1.80500609734622e-15
6.05417247282343e-16
6.2539679549341e-16
-4.827011762733e-15
4.73516787529364e-15
1.07743910838719e-15
-5.2788671066998e-15
4.59898278834755e-15
-1.29315695397043e-15
4.83343196450452e-15
3.98366617319814e-15
-2.44625757253141e-15
3.80777636077485e-15
-2.59528092166616e-15
-4.26308404928096e-17
3.64179681724983e-16
-5.81210370851519e-16
-1.90252581460611e-15
3.42246376939282e-15
-2.88093802287854e-15
2.6924633495653e-15
-7.32487954942935e-17
4.80279368927698e-15
-6.04123092573631e-15
4.01760581473568e-15
-2.46760150242184e-15
7.12835455019872e-16
-4.00614291278341e-15
4.47243557929962e-15
-4.89397912076583e-15
3.90945107116291e-15
2.056711133649e-15
1.18421892643677e-16
3.18353284843824e-15
1.05170971953866e-15
-3.81346699419545e-15
3.65996090981054e-15
-3.31891860497905e-15
5.22984523246238e-15
-1.93098503031828e-15
1.4347449098567e-16
-9.95337371688232e-16
-3.25252323501781e-15
4.63799193870036e-17
-2.06979111750668e-17
2.99193162803444e-16
-1.43747276099747e-15
2.63593011972343e-15
5.41722451013712e-16
-1.09685261470395e-15
2.88462491172899e-16
-1.25194914203739e-15
-2.15968288046475e-15
1.06167770567427e-15
-2.37481877701769e-15
-4.27702831149455e-15
-2.01727663799237e-15
4.5700014112196e-15
2.61373249090204e-16
1.04254513463912e-15
-5.1150350786671e-17
-1.61121005024365e-15
1.45531089839042e-15
-1.11050837619892e-15
-4.070761956483e-16
3.68872750964813e-15
-5.10163157243472e-16
1.48435221098653e-15
1.94150986319323e-15
2.30771960636323e-15
1.17513269029554e-15
-1.24365087334217e-16
5.28350735793604e-15
-2.01259937960282e-15
2.99350134279269e-15
-2.43688146888238e-15
1.9857751303268e-15
-4.96624212139303e-15
2.22974493524055e-15
1.38693102882249e-15
7.88407041875721e-16
3.78014629675919e-15
-6.69235092144738e-16
-1.01871806465804e-15
4.42447660484369e-15
-1.41178556290337e-15
1.51723641376332e-15
-1.76557802180409e-15
-1.06739921902112e-15
-3.4710072456128e-16
4.11025515766586e-15
1.86683344431974e-15
5.41719756705966e-16
2.89652763414781e-16
8.70521226466493e-16
3.02948862804973e-15
1.22766580563203e-15
1.95988121944471e-15
-2.76834206265672e-15
2.48115172208928e-15
-1.34052547381063e-15
4.21501172681312e-15
-1.65744196198661e-15
7.02466714880479e-16
-1.07546579473756e-16
1.12524133623583e-15
-6.72296262158423e-16
3.19332283063424e-15
-6.03128996907568e-15
3.7535944595311e-15
-3.53132330492198e-15
-1.67141954614922e-15
5.97976979010541e-16
-6.43635516633002e-16
3.31577471300707e-15
-5.50703889058295e-16
9.17223713162102e-16
-1.35105221483136e-15
2.42714001495716e-15
1.08296994060162e-15
5.6635394914329e-17
-3.42966929393121e-15
5.80053385581597e-16
-2.93604694644195e-15
3.0477529061933e-15
-1.13766552544348e-15
1.33372551870882e-15
-1.87019010852469e-15
6.4067342854886e-16
-6.04710440400308e-16
-2.69659745459247e-15
-1.17369812481225e-15
6.24576394213495e-17
-3.78265088595691e-16
4.56692839676921e-15
8.04374410118146e-16
-7.11264297476573e-16
4.22749434141095e-16
-1.55348363617829e-15
2.78633893070357e-15
-2.89134605411318e-15
3.35925609032574e-16
5.13445286494636e-16
1.30555452391103e-15
-1.26678485751238e-16
1.58786886048746e-16
3.92797399439738e-16
-2.47877861436054e-16
3.25903569669641e-15
3.28587516089857e-15
-9.32836934026505e-16
5.03171772063629e-15
7.28570766952312e-16
-1.69004455976629e-15
5.90430090651439e-16
-3.49710541641861e-15
3.30228980860303e-16
2.12169610010197e-16
-3.60344048520211e-15
-2.3228354080407e-15
4.38101782516978e-16
-1.68209887681065e-15
-2.14512914593784e-15
-1.46400228701839e-15
2.16790652874571e-17
-3.39716144080224e-15
4.38681241255894e-15
-8.00025713826446e-16
5.67479607521445e-16
-6.06402683860225e-16
-8.19200172685094e-16
4.25420746241586e-16
6.37742192595152e-16
-3.45642328569607e-15
-7.96982403286099e-17
-1.11985129581495e-15
2.97735295804759e-15
2.11978787723927e-15
-1.50863744120579e-15
-2.28865421445908e-15
4.25751053893158e-15
1.80701429569684e-15
-4.89091956126821e-15
-6.47999914773193e-16
-4.03793733513269e-15
2.38224510808892e-15
-6.49549982267341e-15
2.80822972155734e-15
-1.21831070896394e-15
1.27147892350424e-15
-3.39149584189883e-15
8.08189590692422e-16
-1.32974644204578e-15
1.81618652165835e-15
-3.4489640972835e-16
1.38104065404203e-15
-1.06018340891671e-15
3.12411967395872e-15
6.22878692208204e-16
-5.48081474573166e-15
2.82115761667059e-15
-4.12897765330856e-15
5.95110220921228e-15
-3.55372160104156e-15
1.22036020251602e-16
7.75143101150214e-16
-2.23045754933302e-15
5.49472629235855e-15
-4.77938500704041e-15
2.22496895680541e-15
-2.27799188112376e-15
5.43333212215706e-15
-4.80022883062689e-15
2.25863718615438e-15
-4.39721521432388e-15
3.48613102163752e-15
-3.87443024337683e-15
3.62226904450966e-15
-4.27025545728586e-15
8.51990248237991e-16
4.77263447365461e-15
-3.23831879956988e-16
8.22779483541747e-16
5.26782116778308e-16
-4.71579165827011e-15
4.45844868518902e-15
-4.51483557681064e-15
-1.42806047042661e-15
2.46009015691556e-15
-3.41227724974707e-15
5.13781899451065e-15
-1.19476166707662e-15
5.1709065674675e-15
-1.80342197022388e-15
1.17679126277268e-16
-1.45566720687326e-15
-3.47730326834995e-15
5.82632099286204e-15
-3.18492296189544e-15
3.48905922648476e-15
1.97971339425221e-15
-2.34623635443577e-15
-2.70843631585738e-15
-3.23440782069774e-15
8.62074541096357e-16
-3.26660760948533e-15
4.39126326051025e-15
-1.93333953099748e-15
-4.51635969297979e-15
2.96266090110031e-15
-1.45114097267295e-15
3.67951725032671e-15
1.08475866204095e-15
-4.50851297382656e-17
3.25541479828696e-15
-1.47787462284209e-15
5.41833964025394e-16
9.17905773328703e-16
-2.84611655029988e-15
4.513498431343e-16
2.23943071342411e-16
-1.47534977431616e-15
4.74938126101669e-15
-1.47848710073298e-15
2.59426579189008e-15
1.14665112623602e-15
2.99846745718669e-16
-1.09561269424745e-15
-1.15479839065084e-15
-2.29302019234486e-15
1.74954410638363e-15
1.36699626827222e-15
-1.7565109217463e-15
3.42182963909261e-15
-3.9656381964743e-15
3.82373874044453e-15
5.50013137518852e-16
8.51081324265672e-16
-9.00440132645608e-16
5.24258289795069e-15
-1.98841924680755e-15
-6.15696813977094e-16
4.53996059342202e-15
-8.26398736330799e-15
3.19468993182809e-16
5.30732516328363e-16
-4.27544668080416e-15
1.31107143603496e-15
-8.61680619203969e-16
-1.39137753121977e-15
9.38038292247198e-16
7.87675371238861e-16
-5.95971550194703e-16
6.0783577457268e-16
3.6099868171553e-15
-3.65582522470608e-15
-2.1449323793259e-15
2.57011994626702e-15
-2.61943394433245e-15
-2.66714925328537e-15
1.64335949263681e-15
-3.44882556798185e-15
4.75363849236752e-15
-1.94037730010025e-15
3.93311588924336e-15
1.34101311457005e-15
-5.77286904868528e-15
2.68808473796938e-15
-5.55213118603777e-15
7.16106256837155e-15
-4.16306962310247e-16
1.87144810501075e-15
-4.59145232694026e-16
3.19839362732908e-15
-2.91599990545939e-15
9.14393262307412e-17
-7.11156606299229e-16
1.29378605257641e-15
-1.75966137212565e-15
7.80667730466478e-17
-7.81006592807696e-16
-1.09507250926476e-15
-8.61757426735469e-16
1.31162230951766e-16
2.03600596790791e-15
-1.62186176191287e-15
3.51506925323676e-15
-4.24536735846745e-15
2.25188179515967e-15
1.88470900742205e-15
2.15941689597198e-15
-5.6200383863471e-15
1.17345629745278e-15
2.71318348823812e-15
-3.53818221742354e-15
3.02295847943725e-15
-3.19014996746959e-15
3.09231282580502e-15
1.21443461312905e-15
-3.06020788969135e-15
-7.94855232836747e-15
7.14106348763731e-15
-3.01674643865658e-15
3.16518469748596e-15
-2.48856001340239e-15
-1.74681149429211e-16
4.76747619966821e-16
-1.81556397204277e-15
1.36867866939401e-15
-8.54447350889198e-16
2.78035164762505e-15
-2.92794136294703e-15
1.42705151536579e-15
-2.50669889696916e-15
-1.07431427405031e-15
3.39313502757845e-15
1.41952638381433e-15
-5.76012706754419e-15
2.63848824960321e-15
-2.77120203837112e-15
-1.81332924756716e-16
3.76172682805084e-16
5.66169208683137e-16
-3.71444694171838e-15
-4.54167103459834e-15
-1.51477831670819e-15
1.19746713485759e-15
1.64932059742208e-16
-1.59522500401411e-15
5.56144464785826e-16
3.51018378711148e-15
-2.46037145313959e-15
8.14640483782262e-17
-1.08227574386234e-15
-3.41077279393629e-15
5.92125207918744e-15
-4.36631681252577e-15
-2.51318830893223e-15
1.78082127440734e-15
-2.15588414817425e-15
-2.14899532222162e-15
3.52613767976873e-15
5.26488366850588e-16
-2.84674146664736e-15
1.13677092886637e-15
1.66238798938339e-15
-2.51864985008402e-15
-1.79611223461142e-15
2.24188108633317e-15
-1.25277267295263e-15
3.27171194552168e-15
5.27546924973489e-16
5.72942544524661e-16
4.80620680356143e-15
-4.64461436674313e-15
-7.4396288537642e-16
-7.35004297435974e-16
-1.12323750629806e-15
2.52585098833989e-15
2.00387415519011e-15
-2.6863560096357e-15
4.13171601392825e-15
-1.7815011313339e-15
2.19436085191569e-15
-3.9047217038128e-15
-4.22700335004196e-15
6.22728465320144e-15
-3.66482537346636e-15
4.42676519581349e-16
-9.86179258816621e-17
-1.90811317483e-16
-1.76941853351331e-15
-1.53607294085874e-16
4.80504672625928e-15
-1.02893656770963e-15
5.6366876275536e-16
1.09181631045726e-15
-2.96645701134474e-15
1.83048930852543e-15
-4.88789509403681e-15
4.31831377669306e-15
-3.02834861117218e-15
4.26046208070979e-15
1.17935254815606e-15
2.24567422589556e-15
4.97673919481308e-16
2.75881410951041e-15
-3.18674541425962e-15
-1.50331018947143e-15
1.00446990040189e-15
5.15968867829947e-16
-1.04084449138884e-15
2.50846718900667e-15
-1.34753912377617e-15
5.70673629447101e-16
-4.95065139634647e-15
2.37016659564098e-15
-8.85626132262855e-15
2.23630402515637e-15
8.02411508723683e-16
7.79241629833491e-16
1.17164960681115e-15
-2.14893699113755e-16
-2.20580567483336e-15
3.71693805085903e-15
-4.08200077240228e-16
1.38503642853607e-15
-4.41884450582814e-15
-7.60312367523034e-17
3.00107199699793e-16
1.57248606402413e-15
-3.85131886264715e-15
4.86203633492894e-15
-1.42325340228319e-15
2.78049572880712e-15
2.34976483650311e-15
-5.59076056139623e-16
2.75355941725664e-15
1.64886429885434e-16
-2.61603457663747e-15
4.20019485880227e-15
-5.75624255946765e-15
3.16144184646726e-15
-2.83230635377256e-15
5.0343891952135e-15
-1.57024013197339e-15
1.62400268591854e-15
3.14431275299796e-15
2.36461781738712e-15
1.98430123195897e-15
2.72217937800011e-15
-4.23987305241771e-17
8.08648562793933e-16
-1.57821300182631e-15
-6.48723162843717e-15
2.97139939217178e-15
-2.24043220740471e-15
1.39291718721503e-15
2.24201586213876e-15
-1.95552044245517e-15
-2.22111283598194e-15
1.69085458950768e-15
-8.01001154716648e-16
-1.45840395896614e-15
-8.22772408792993e-16
-1.2738313857391e-15
2.31660918784301e-15
1.85947735501103e-15
5.44661855795668e-16
-8.08759366055367e-16
-2.07138582627799e-15
-3.254565170265e-15
1.94020773956387e-16
8.50131532785118e-17
1.20343082960731e-15
5.09446329338019e-16
1.56277366409728e-15
9.4162527949786e-16
4.54930739219286e-16
-8.95325076036249e-16
1.24278831776254e-16
-4.69002253102053e-15
1.41969739679035e-15
1.28572013940442e-15
-4.68480900548088e-15
1.80175440130339e-15
1.61282466062784e-15
-3.07511927825744e-15
2.43544400927107e-15
6.03991158093821e-16
-5.73033629786182e-15
4.5620816795185e-15
1.56010655409071e-15
-3.5507402672523e-15
2.09529015887501e-15
-3.35190648411778e-15
1.3823374041484e-15
2.76833139663245e-15
1.71120878986387e-15
-1.83642870290176e-16
-3.70014579932387e-15
-4.90044190023842e-16
3.09962843120621e-15
2.7367742953746e-16
-1.62476159365725e-15
3.35589379369583e-15
-5.58931574873003e-16
-7.8676312723108e-15
8.35711937970611e-15
-1.80032250651417e-15
3.82534745659085e-15
-9.52664538028266e-17
-4.96172289944935e-16
-5.05068756438666e-19
3.06572309757588e-15
-3.20175492158906e-15
2.14388454539244e-15
-1.84689906745742e-15
-6.30851281155432e-15
-5.4867202626462e-16
3.11525585114716e-16
-3.86512205669092e-15
2.54923293211866e-15
-1.63646215431293e-15
-8.77890217309198e-16
-4.19716443845783e-15
-3.67907688665783e-16
9.19103910954007e-17
-4.60032786859121e-15
3.67524244937872e-15
4.19850469900502e-15
3.57555406883446e-15
-3.09238391242676e-15
1.69020769710753e-15
6.89732367285366e-15
2.88197093205122e-15
-4.46967211730999e-15
1.29147469677831e-15
5.55937850205852e-16
8.76319339163014e-16
-4.47567163768512e-16
-1.6315481466879e-15
1.21508231392235e-15
8.47425025594959e-16
-7.48230577638185e-16
1.38471557450355e-15
-2.40555444595069e-15
3.55737443838615e-15
-5.70426531276194e-15
5.48989798807451e-15
-1.23654384920389e-15
-1.71833221800636e-15
-4.92349102643835e-15
3.47982540332078e-15
-6.87398796073236e-16
4.55280922693656e-15
9.38453942244206e-16
-1.80598409443913e-15
3.00161640524883e-15
1.22410704592987e-15
-1.1015319420692e-15
6.86056706648799e-16
-3.7116516688606e-15
-4.6851148128439e-15
5.75101938871594e-15
-1.50542638955286e-15
3.79923147779708e-15
-2.36060170825246e-15
-2.80701161829747e-15
-2.17025805243032e-16
2.31348084652459e-15
-4.54815492909112e-15
-7.55742420250676e-16
3.36797994422988e-15
-4.91841593963336e-15
1.73461666001961e-15
2.23256329364471e-15
-2.78353670475368e-15
2.8535042373027e-15
-4.4290405524291e-16
-4.0261534483334e-15
-2.5035846659848e-15
1.63878671050072e-15
-4.30761387679386e-15
-2.65591227344478e-15
4.40105250955356e-16
1.4855341060761e-16
1.0938769360644e-15
-2.03084891929906e-15
2.00847593730972e-15
4.0907140968917e-15
-8.85909698314903e-16
-7.20886287426103e-16
-4.46979678592598e-16
7.0239848823621e-16
-1.74768451427714e-15
-1.92479450778761e-16
-3.12082014988309e-15
2.17973655657809e-15
-2.88640242363979e-15
2.41941326054226e-15
-1.55521612083203e-15
1.93757136179254e-15
-3.33559700409091e-15
4.01844864785644e-15
-5.89973265678911e-17
-5.24535177402468e-15
-5.20144065470362e-16
-2.07562204461264e-16
1.29745280513813e-15
9.69896704063042e-16
-1.85809890589866e-15
5.89557086005704e-16
-7.7463823393307e-16
-2.14875588593197e-15
-9.37908009126999e-16
2.68699143857832e-16
9.54413947369055e-16
1.10008403875059e-15
2.98767579754205e-15
3.43317333947044e-15
1.09848170785285e-15
2.99151882262972e-15
-1.718686219148e-15
-1.54069684478681e-15
3.3691455549936e-15
-3.10083556535908e-16
1.96801120557473e-15
2.25688398153936e-16
1.55094455732355e-15
1.32367894507379e-15
-1.33064081821849e-15
1.49365428456431e-15
7.33147705953207e-15
-6.65191500605132e-15
2.31850738949605e-15
-1.90644160064227e-15
-7.75603053380607e-15
2.9128176664252e-15
-9.00608275825271e-16
-4.07866160020764e-15
4.34324428404178e-15
-3.2588730127961e-15
-1.17799398531355e-15
2.12328970335301e-15
-5.81155569726992e-16
-9.72412173032704e-16
3.62662531036017e-16
-5.92127430753852e-16
3.24540584502722e-15
-3.29739712010199e-15
-1.51126819448197e-15
-9.91311805452507e-16
1.09230768228768e-15
-1.98065172266434e-15
2.09332636806651e-15
1.31336792540554e-15
-2.69073881596649e-15
2.48009732751915e-15
-5.09614974147809e-15
1.37501784269716e-15
-2.53473581799275e-15
2.22048771739047e-15
-6.9753282304143e-16
-4.84114440798034e-15
4.09187038768054e-15
-1.71314817652739e-15
2.42086137848294e-15
2.70040838779772e-16
2.44382367530016e-15
-9.46452522800986e-16
-2.0905280336547e-15
-1.26026080805819e-15
4.59510585149181e-15
-4.31652050530148e-15
4.50459320335939e-15
-2.97606929280386e-15
1.42753076648169e-15
-1.95047631912314e-15
-3.86863040969121e-16
1.41100150802024e-15
-2.96396779243978e-15
1.23590655153224e-15
1.6409931225317e-15
-1.56767132953197e-15
-1.76176605009449e-15
3.03246081312942e-15
-1.31493218540752e-15
-3.66775161426158e-15
-7.11295319324537e-17
-1.03525320542781e-15
-2.75398454063518e-15
6.77261337098516e-15
-3.68799864992887e-15
1.60982023561873e-15
-1.87601298313392e-15
-1.64838887288654e-16
-3.93890849222366e-15
2.18903986880002e-15
5.2568013990204e-17
-5.03161497989995e-16
-1.54757820892349e-15
-5.16369903118658e-17
1.01919854366863e-15
4.25341466494528e-16
4.91292265151615e-15
-1.29400269981692e-15
2.98474513877942e-15
-3.36096806081007e-15
-1.00389836651168e-15
-1.56617527723185e-15
2.34378242930791e-15
-1.17030447032723e-15
-2.14912638620405e-15
1.06104860508101e-15
2.01243684683862e-15
-4.25897027638591e-15
4.50962150523652e-15
7.81471629449602e-17
3.38956610510701e-15
-1.160998382313e-15
-1.37797555531616e-15
2.25934685864375e-15
1.62881787963675e-17
-4.42756407029033e-15
4.0482130627201e-15
1.33436587078422e-15
-1.19424432412912e-15
3.68162393857285e-15
1.31208433135165e-15
-1.64064605013447e-15
2.69545882790079e-15
-5.5843260547983e-16
-3.27142394311921e-15
3.84733293145998e-15
-3.84070333214323e-16
-1.90448922668751e-15
-1.02491514825886e-15
8.6932241401635e-16
1.78433803996082e-16
-4.92128773030021e-15
-2.52430555367284e-15
3.9067237644385e-15
2.98239381168253e-16
-2.51322661817758e-15
1.5385890983567e-16
2.49318260476628e-15
-1.94768930779115e-15
-7.73141868128466e-16
9.50953689126632e-16
-1.8270365718402e-15
1.99781463722785e-15
2.14307200333597e-15
-2.31582755630151e-15
2.01990529085598e-15
2.8116139388326e-16
-2.78038596018237e-15
5.44454817905612e-15
-4.07201079459718e-15
3.63755348317579e-15
-1.18572046375412e-16
1.52183868602052e-15
-9.35231608687423e-16
-5.71701262274624e-16
-8.54733827800282e-16
3.06490949243506e-15
5.89578989423742e-16
-5.99884171558686e-15
5.27500365653033e-15
-4.36198438060228e-16
8.27114091541903e-16
-4.57603133335556e-15
1.29117735954503e-15
-2.23917927290134e-15
4.25782798711381e-15
-2.9649099860485e-15
-1.60527305609419e-16
5.51235981736835e-16
-2.16687858861297e-15
-4.04961446275717e-16
1.93805784994666e-15
-7.20343423823931e-16
-9.82436075078154e-16
8.18985809870344e-16
-2.09727092026318e-15
2.08409607121528e-15
-3.41117640080493e-15
-9.16764039006193e-16
-3.29547686961136e-15
2.44607554175156e-15
-6.66402783450466e-15
2.27759754193526e-15
-1.36171528571967e-15
-6.05101628986913e-15
2.12056703285142e-15
-1.77386656883313e-15
7.59456718267963e-16
2.29114572683235e-15
-1.24020750236454e-15
-3.08204523171488e-15
3.14187336769295e-15
-4.3602638728909e-15
-2.55605656331534e-17
7.16031274224267e-15
-3.73330129586058e-15
1.00099704677802e-15
-2.33921061017767e-15
-3.46876706936199e-15
-1.44663245308955e-15
-2.04913196643644e-15
1.82893353521644e-15
-5.47508980441168e-16
-1.35101529983176e-15
3.01529452938234e-15
-3.79525045889761e-15
-8.29749540015347e-16
-2.19724105412802e-15
-1.70771721973076e-15
7.68458927050825e-16
-4.8281160816023e-16
8.48944665563768e-16
2.546270892467e-15
2.05453746831336e-15
-8.04317007363978e-16
1.42625858634042e-15
2.05704833426227e-15
1.13663335414195e-15
-1.37228076594538e-16
2.5062086186085e-15
2.31659718853749e-15
1.88781261343553e-15
-1.16205305252642e-16
2.6091293386105e-15
8.61446366306678e-16
6.72729427855182e-15
-1.77690652472978e-15
2.86307647142457e-15
3.68422157871324e-15
-3.30468909456625e-15
2.872984293773e-15
-2.78345052778418e-15
1.28414014517641e-15
4.14931196040581e-15
-2.9351441805039e-16
5.11701274202795e-15
1.02358880470882e-15
-3.41807695234446e-15
6.09844394853436e-15
4.16329406037159e-15
2.30364008095202e-16
2.38362035601756e-15
7.24418206222398e-17
-1.916718228721e-16
2.02348051229809e-16
1.03807743906261e-15
9.06281347204089e-16
3.62419173191391e-15
3.18110417062584e-15
2.74546585298426e-17
2.85827313362337e-15
1.84676259830392e-15
2.35787960976485e-16
1.63764573569289e-15
4.4500494086239e-16
-2.23153039563583e-15
1.19932191263394e-15
-4.10821655995315e-16
-1.44710237350495e-15
9.53619139284989e-16
1.1778848074801e-15
2.91056954194684e-15
2.75189091845585e-15
-1.77332030425758e-15
1.15625366986628e-15
3.77260182665827e-15
-9.47553117501366e-16
3.7208782712212e-15
-3.6478859275158e-15
3.30379337696392e-15
4.76128397747813e-16
-2.37743272420546e-15
1.91480020465655e-15
2.82492371480589e-15
-4.40568527513367e-15
1.07184258748713e-15
2.86281638082413e-15
5.32692432064438e-17
3.19300286845428e-15
-1.36437672987362e-15
-1.5610914844225e-15
3.14652981550489e-15
-1.72265417628636e-15
-1.93712586088282e-15
4.2547744503109e-15
4.66025100680254e-15
-3.37346331755645e-15
3.0795763009647e-15
-4.15280453621611e-15
1.78500848585297e-15
4.36734443869187e-15
-1.44408200136194e-15
-9.4934770782526e-16
3.81542127371761e-15
-2.19630135178096e-17
1.05763663693583e-15
7.18462811327571e-16
-2.96322528359498e-15
5.62045091824408e-15
-2.57805839945741e-15
2.39683380482331e-15
1.64365865348194e-15
-9.17133151890247e-16
1.930185939223e-15
1.13666072245144e-15
1.60750339399465e-15
-1.3164913365406e-15
2.28273641373165e-15
2.07132591069563e-15
1.74854871819785e-15
1.66645314228901e-15
1.86603332068193e-15
2.49068860659531e-16
4.03840756833262e-15
1.37717019484272e-17
3.35807906174726e-15
-4.04261516806647e-16
2.26009506576656e-16
4.96866819812722e-16
3.67966826781151e-15
-2.57481367798608e-15
3.32019255646061e-15
2.05649657682975e-15
1.76494570994222e-15
1.70304398805396e-15
2.94477668523329e-16
-1.03069859928747e-15
-1.23371364925847e-15
1.71481395965056e-15
4.58518868671028e-15
7.64369101609655e-16
-8.18847147989021e-16
4.46584481126132e-15
-1.83996303235323e-16
2.86545858033699e-15
3.93374959343503e-15
-2.81947365222418e-15
4.95851755736117e-15
2.16500360849285e-16
-2.42304381192515e-15
-8.21942420454236e-16
2.87544525863151e-15
-1.68077099725761e-15
-4.28929577822331e-15
2.25832266108399e-15
-1.98316518399072e-15
4.71835595862034e-15
4.77610457442165e-16
-3.80748340816927e-17
7.07111537987906e-15
-3.89770064366986e-15
2.91876512253281e-15
2.28227261744318e-15
1.13857519584715e-15
-3.12244425726188e-15
1.72152276893e-15
1.14505728109479e-16
2.04810857720065e-15
-1.19183728438785e-15
-2.05456421309957e-15
1.169432718116e-15
-2.31734705217838e-15
9.28199828391424e-16
-3.44687516875824e-16
2.45103636434478e-16
-9.31347173677983e-17
1.03238726322944e-14
-3.01997873405475e-15
6.00797417592488e-16
2.55618429900213e-15
4.32734096080991e-16
-9.36818541784266e-16
1.26516518054541e-15
3.77265010979334e-15
-2.68708197798805e-15
6.68646847839595e-15
-4.98541145494342e-15
3.00269526481027e-15
-3.9205559124458e-15
-6.99293302856759e-16
-3.57176602679749e-15
2.71966642239118e-15
-1.30600463811936e-15
4.49274713492973e-15
1.22542883905021e-15
-1.39466096123168e-15
2.93512996819797e-15
1.38454368639932e-15
-1.67032796788119e-15
2.0972131504823e-15
-1.2218127101937e-15
1.32237281047139e-15
1.17063754865315e-15
1.93882609231943e-15
-1.97126482272383e-15
2.72014522738208e-15
-1.05444778212271e-15
-5.36920804579018e-16
4.1905068115645e-15
7.11385611135795e-16
-6.16945474305802e-16
-5.36019922655725e-15
7.61170475998269e-15
-9.57160345911427e-17
1.76129739278015e-15
2.11812785904475e-15
5.1356790125504e-15
5.00757625545954e-16
-3.05587756645269e-15
4.32938209133728e-15
-2.60666258730276e-15
3.40136396289854e-15
-4.01604114630554e-15
-2.2537925726344e-15
1.02410309322991e-15
-8.73471966794137e-16
-2.10612579494062e-15
4.1237030167855e-15
4.70971169163262e-17
9.50433233685745e-16
1.22655144950206e-15
-8.11168554636178e-16
3.44612619152185e-15
5.2846461658864e-15
1.08610669408499e-15
4.07595040435147e-15
3.46668408092981e-16
2.05794608922029e-15
2.15377664737371e-15
6.12588398505416e-16
-3.45722816874746e-15
3.12441804807946e-15
-3.39707925321856e-15
4.08549083478748e-15
3.3873476159141e-15
-5.45320236658996e-16
7.48656341523974e-16
3.65894457532325e-15
3.03479055942198e-16
-1.9006306677495e-15
4.96728915507499e-15
-4.46884393364866e-17
-1.40769267666719e-15
3.38659535712913e-15
-5.73649695024595e-15
3.54401137169878e-15
-2.41386195931281e-15
1.39713760022985e-15
-2.00078565496132e-15
7.71974410030376e-16
3.01728313842332e-15
1.44090440632792e-15
2.50820123367276e-15
-9.23380222593861e-16
5.61911047485479e-16
1.36270798187917e-15
-1.18765591279418e-15
5.60806085462336e-15
9.70477345970415e-16
-4.15598255715131e-15
4.13203873274132e-15
-3.5047161904368e-15
2.35063780210061e-15
-2.32016366246167e-15
-7.28989374714849e-16
6.38760692165331e-15
4.24093769896312e-15
2.38475418322911e-15
2.3245700706001e-15
1.13283743780731e-15
2.1725989794103e-15
-5.33129816303328e-16
1.69106638117654e-15
3.15070253048463e-15
2.52521962130649e-15
1.28314128992267e-15
3.98447045046292e-16
2.11734718638617e-15
-2.40853704851282e-17
-1.32601537759765e-16
1.81206768205844e-15
-3.34386032097794e-15
4.61574801080476e-15
-3.89447768403009e-15
3.47344544569719e-15
3.05567900767368e-15
-1.73914601820241e-15
1.5492220803614e-16
4.664627415747e-15
1.49209801952895e-15
3.05244756692696e-16
2.51778502037426e-15
-1.44133549325131e-15
2.6971961604167e-15
1.70645258518066e-15
-5.77994135400569e-16
-1.84488094307561e-15
1.03962986162692e-15
7.59967564956105e-16
3.95354505949898e-15
2.06670475164525e-15
-3.72475573224242e-16
1.60813806791201e-15
-1.43527578620543e-15
2.52391364320052e-15
-1.40492781214346e-15
3.34453801892225e-15
-3.23943778072762e-15
5.24007176402817e-15
-5.49092899293379e-15
9.43323438242104e-16
2.18682719846679e-15
-1.21321674343714e-15
4.65276886189356e-15
-3.62953173177539e-15
3.99930754069235e-15
-1.17478473917421e-15
-2.11318527773364e-15
4.72003612079343e-15
-1.51981474485435e-15
-1.5682897853016e-15
-3.01207792821037e-16
3.11663386979204e-15
1.20201525652414e-16
3.1281054657079e-15
-7.22305289962982e-16
4.5852770801549e-15
1.94573566586338e-15
-9.86165543316154e-16
2.02669866565463e-15
2.15150864916917e-15
6.53467984653446e-16
-3.13325146835349e-15
1.03012904836901e-15
2.88969433775618e-15
1.53701377427956e-15
-1.35080287302955e-16
2.33523068438511e-16
-1.02685665335223e-15
-1.21409699637805e-15
-2.56364965398181e-15
3.04768514414918e-15
2.98077186429042e-15
4.85481953069036e-16
2.36556856201269e-15
1.46672384951094e-16
-8.89175095998427e-16
-6.24382190569173e-15
2.94134403099529e-15
4.15877122522434e-16
-1.18710594402689e-15
2.82649045311788e-15
-4.1366063929804e-15
2.70217848928776e-15
-2.57922551601261e-15
1.94571782352566e-15
9.80618457176463e-16
-3.91988086293272e-15
5.10632605140165e-15
1.53553151607948e-16
-1.93320578117803e-15
6.71784807400442e-16
-1.62989949985861e-15
2.65103553308344e-15
-3.80788507754933e-16
4.43791031910553e-15
-1.72228873411992e-15
2.693924870392e-15
1.11096660306881e-15
-6.84545051841123e-16
2.23203932771953e-15
3.14562758253167e-15
-3.21446928984758e-15
6.3154191348481e-16
1.03467849126256e-15
1.65266309846792e-15
2.83301636989439e-15
-9.92172623930276e-16
2.57502786610866e-15
-2.26283458545895e-16
2.80866244857001e-15
1.54210258369194e-15
-6.2625685670924e-16
-2.74299490959666e-15
3.20614311243841e-15
-9.70900197749743e-16
-2.87528495121252e-15
2.97267883188255e-15
-5.07175588991325e-15
3.16834139433949e-16
2.26042531277684e-15
5.41073929070486e-16
2.31544051895349e-15
6.79947502102336e-16
-2.53511829507239e-15
5.39079260940184e-15
-3.52831088737825e-15
-3.98104327791549e-15
2.96952911235044e-15
-1.12378396752556e-15
1.93108435901462e-15
-1.60230960746343e-16
7.86526518389931e-16
4.02457469983596e-16
3.98473530329774e-16
-2.95045864372631e-15
-3.25005491531525e-16
2.41144042843031e-15
-5.01833258822022e-15
6.8949820864212e-15
-3.72959308792567e-15
3.16493836323585e-15
-1.30836546601364e-15
1.10439799190429e-15
1.47092301871141e-15
1.50297807742747e-16
4.30681466961658e-16
1.1805505015648e-15
4.43022827472842e-15
-9.44976341574305e-16
3.90124824205619e-15
9.13827742200191e-16
-2.40468705723118e-15
-4.69791839756959e-15
-9.57739547890467e-16
-1.73221779738707e-15
2.72704310256561e-15
1.89548332198322e-15
-5.73167796473656e-15
-1.43564322628375e-15
1.06890686060216e-15
-6.04478744365294e-16
1.15220265800753e-15
-1.3668920017413e-15
-2.38991656826949e-15
9.10869142422873e-16
1.29994080030536e-15
1.24920893154609e-15
1.97421707970672e-16
3.80645529455998e-16
-2.96024293387057e-16
1.02342453215857e-15
-6.05719989968363e-16
5.4911564687645e-15
-3.73618923795192e-15
1.65266723538062e-15
-9.96369765957698e-16
3.50927954207529e-15
1.12913883769885e-15
-1.65972566452866e-15
2.36258055173019e-16
-1.22723712172073e-15
6.00952007574678e-16
2.63986777748531e-15
-4.62264155938269e-15
-2.80966366419216e-16
-3.72956717719223e-15
3.98572409870314e-15
1.76619355336464e-15
-2.95803774679896e-15
-1.93966174537631e-15
1.98567144213892e-15
-4.62606231284271e-15
2.92334746918095e-15
-1.34271314446813e-15
-4.24986408000386e-15
-6.50100285815044e-16
-4.18947646767802e-15
3.50920500441927e-17
2.63000567927493e-15
1.76280317086004e-16
-3.46292554215519e-15
2.76977393472513e-15
1.84837831779625e-15
-1.66683492928151e-15
5.81372348939365e-15
-3.16472980724763e-15
1.59211958307166e-15
4.32286900702433e-17
-2.56487877640295e-15
1.02817968793904e-15
1.87962244638477e-15
-4.13550844657529e-15
-2.40380567107737e-15
1.50450554658641e-16
5.06304877294181e-16
-1.14795840010624e-15
-3.35693869725775e-16
-7.83761690571039e-15
4.76078954195625e-15
-2.26109337856724e-15
2.08165922531038e-15
3.38398968546779e-15
-4.03494637241847e-15
1.96070777505445e-15
5.27953830357344e-16
5.39952406345432e-16
-7.66962638781479e-16
6.61893026875732e-15
-2.09168033074754e-15
-1.39025124222777e-16
-1.0070449814173e-15
-3.12441445164265e-15
2.10773107125465e-15
4.5769337708918e-16
-3.54096333958787e-16
7.03662513769615e-15
2.23363650379268e-16
-1.28236475287943e-15
3.36621775721363e-15
6.32201842549889e-17
-2.9649467004871e-15
5.25205093620525e-15
-1.29123353452411e-15
2.71027593910849e-15
7.28552634814416e-16
-1.57264325068863e-16
-6.93859378680385e-16
3.34956021699911e-16
3.73552098871478e-15
2.12129397058392e-15
-5.97890360569646e-16
2.08041225861913e-15
4.85101188532862e-15
4.60923157788258e-16
-3.47262902369477e-15
4.04567624548217e-16
-7.20323418984822e-16
-1.72601432039694e-15
9.94826631039354e-16
-2.40707618916312e-15
3.18441914171876e-15
-3.33374658284125e-16
-8.29451869201642e-16
2.04937096110196e-15
-1.91675193787132e-17
-3.47460051028392e-16
7.7155872620464e-17
-7.42741115785353e-16
3.56761166856049e-15
-1.0876919268718e-15
2.00744960410239e-15
-2.44890750286049e-15
3.41911596001465e-15
1.95604888609797e-15
3.31006561488703e-15
1.58433166069321e-15
-2.83583073221779e-15
2.34650268715654e-15
-3.46961252802353e-15
-9.21897841874065e-16
-1.86480755536664e-15
3.71497425101455e-15
-3.97188515621308e-15
1.54080758303273e-15
-2.7171608159103e-15
-7.34747786976068e-16
-1.3125012148149e-15
4.5224753165821e-15
-6.1010901466439e-16
2.40849412891736e-15
-1.08332101717304e-15
-4.99436892693906e-16
3.0994234383313e-15
-2.5208471566903e-15
3.44368410455454e-15
-2.0818274065719e-15
2.88614393425776e-15
1.34150728934642e-15
6.00166005529236e-15
-4.67948724043865e-15
3.96491852928235e-15
-2.52439584477546e-15
1.1743365191138e-15
2.8130994748749e-15
-5.82486100803285e-15
2.41294993308064e-15
-2.9459960583863e-15
1.76694904948482e-15
3.23366750198865e-15
-3.73458438128519e-15
-7.2022775505463e-16
2.39709100382162e-15
-5.09696645609216e-15
-5.29322071135672e-16
-1.6963374842151e-15
-1.00751745661642e-15
-2.06763253655454e-15
3.6769762459607e-15
-5.47693800766154e-16
1.45284471445461e-17
-1.04552533178038e-15
1.13910304573316e-16
5.36283728107786e-15
-4.98388755059193e-15
-1.09528912632167e-16
2.54801794636348e-15
1.25773738737913e-15
4.41585503622764e-15
-3.84301678963237e-16
2.96507219024307e-15
-5.52631909700047e-15
5.83147887108473e-16
7.26093426830576e-16
1.90347366750958e-15
3.87822999501118e-15
-4.65702445355557e-15
2.51819021350303e-15
4.84321728348289e-15
-1.81822904341607e-15
8.61933268232658e-16
-1.58562822522724e-15
9.74746862569934e-16
2.51612592324192e-15
2.11701180307397e-16
6.015979172992e-16
-3.21826870787051e-15
4.56604317088511e-15
-1.77845236038702e-15
1.27523291552245e-15
1.45464904780659e-16
-1.45052907065334e-15
4.10648891552374e-15
-3.47460984966583e-15
6.31053548589448e-15
-4.70359921504778e-15
-2.29801703905684e-15
3.11464565120166e-15
3.44435618784707e-16
-6.33340924818619e-16
3.22653805925492e-15
1.33926857393912e-15
-4.24935221955104e-15
1.25162344307534e-15
2.06377889518815e-15
-2.99634208582151e-15
1.38478130229936e-15
-6.06044961359178e-16
-7.30582355863103e-15
-2.44809902346378e-16
-6.89249370089283e-16
1.186324518508e-15
4.51334629616407e-16
-1.34034586350025e-16
-1.65621654310969e-15
1.32205865335097e-16
-3.06087226206488e-16
5.02088493180995e-15
-2.30656713905662e-15
1.06815236287631e-16
4.13200690146244e-15
-2.76894592578288e-15
7.89547361481135e-16
6.39551208505461e-15
-4.39491323288672e-16
3.4428259228633e-15
4.56603738592307e-16
-1.54466069363563e-16
-1.13392249217015e-15
4.47374852369109e-15
-8.69365206180142e-15
5.81551801298839e-15
1.26077077099083e-15
-9.36960932695856e-16
3.04322628263462e-15
-3.093186399948e-15
1.44626384229641e-15
1.71765314889057e-16
2.52896158654294e-15
-1.75541991204201e-16
2.49133001764067e-15
-2.36593014924338e-15
2.04319526248328e-16
3.63544542000649e-15
-6.55107766875186e-16
2.43224350792275e-15
2.25811715305867e-15
1.02827732741388e-15
1.05345854940419e-15
-4.85209053036327e-15
3.10799539411343e-15
-2.71110404792483e-15
5.14871891937694e-15
-5.36975412791339e-15
4.57922797903072e-15
-2.46781285287441e-15
-2.01965885461164e-15
7.56157507796472e-16
1.35845859453124e-15
-7.34576478970313e-16
-4.01455016199447e-15
-4.41988424027894e-15
3.79258111130331e-15
-2.22233457399e-15
-1.19471503188577e-16
-8.53346104925349e-16
4.81321844164257e-15
-3.15843674973316e-15
-2.93059156781647e-15
3.02469225521103e-15
1.25665998635158e-15
-1.57951121927218e-17
2.92237844608599e-15
-2.98292885044217e-15
6.05650557345994e-15
-1.37533871252841e-16
-4.91077753788107e-16
-9.45918896342839e-16
2.34159615804442e-15
1.10035128774948e-15
7.52152484304341e-16
2.11521993186849e-15
-1.22115067514425e-15
2.5755945923585e-15
-1.92271868681283e-15
3.72164546751942e-15
-3.26174542316941e-15
-2.03275252517947e-16
2.17616844624246e-15
3.95669350503794e-16
-2.4392411134341e-15
1.99487460121863e-15
-4.42249292073e-15
3.12566084658867e-15
-1.66260917672854e-15
-1.30282874542789e-15
2.41191060940099e-15
-3.33685732343473e-18
-2.64105506654313e-15
-7.59497126772141e-16
-3.7324518038379e-15
1.26143840933323e-15
-1.25380536695051e-15
-1.84311035365039e-15
-7.05881390320911e-16
2.00259508560858e-15
-2.28515784789985e-15
1.67409027911731e-15
-2.25374824820924e-16
-1.24339937592938e-15
2.0858822871522e-15
-3.39772389021484e-15
-1.56000893454142e-15
-1.33194237660565e-15
1.77654522227768e-15
2.33972629277708e-15
-2.93165129626155e-15
6.79268119891367e-16
-3.44014567908896e-15
1.59080203705328e-16
3.4966013764357e-15
2.25666409531866e-15
-3.71091913312176e-15
3.94092049081711e-15
-6.35108078960339e-16
-2.0470163714556e-15
-1.13685426777201e-15
2.42910356671506e-16
-1.90386256997692e-15
3.97233657806517e-15
-2.87155547083283e-15
3.11405515287113e-15
2.19134891172282e-15
1.44383835701019e-15
2.15729193409129e-15
-4.30687291716555e-15
2.1083354100032e-15
2.1645766014427e-15
-4.45288789581092e-15
9.71187664126006e-16
4.10443812050611e-17
-1.87068580458627e-15
-2.43191566252571e-15
2.52511001118034e-15
-1.00144294795128e-15
1.13137352374075e-15
-4.24859049818338e-15
3.71216610517716e-16
5.90723872394614e-16
1.13305392164098e-15
2.93019805456433e-15
3.51708160397009e-15
-1.95616870755578e-15
4.70236648431062e-15
-2.96152174573429e-15
-4.23894829112431e-15
9.47238976787935e-16
8.54950129226091e-16
-2.07131355324776e-15
1.1296448071489e-15
4.87951391301694e-16
-2.1532885568205e-15
8.81883982310867e-16
1.45567287736065e-15
-2.37734118857002e-16
-1.38702173322552e-15
2.91539658914359e-16
-4.27236197995658e-15
2.43807263611273e-16
-1.55816263415396e-15
5.08506203578538e-16
2.80228616312972e-15
-5.49519140317185e-15
6.82238510043874e-15
-4.55302261984958e-15
-3.02425359386141e-16
-8.6754730044263e-17
-2.40867844254833e-15
6.21053913790631e-16
1.35046530860009e-15
-1.87206539535232e-15
-7.55573893437983e-17
2.97409197324258e-15
3.64825179989451e-16
8.62795407956064e-16
3.05508727493718e-15
-3.41019849427829e-15
-2.20341018938676e-16
-2.20862422431301e-15
1.98219871897351e-16
2.37267122955961e-15
-2.66041962625311e-16
1.16695144398567e-15
8.12356110936793e-16
-8.82715146197473e-16
-2.4928640530304e-15
-6.17195970588414e-16
1.83319148363733e-15
3.07351997805531e-15
-1.1091291821463e-15
-3.00777042869094e-15
3.83817261761651e-16
-1.91192025828639e-15
-1.42421478375617e-15
-6.41473536778918e-16
-5.91095095007768e-16
-1.4224198731287e-16
-4.0489022141151e-15
8.18044992254606e-16
-3.99588900396332e-15
3.1107839806503e-15
-1.77288029845336e-15
1.70396648808593e-15
3.05855942927955e-15
-5.88929544944755e-15
2.16641132801672e-15
-1.7401000005899e-15
-6.51924825759082e-16
1.32977178239568e-15
-3.22857707351103e-16
-4.42852340052751e-15
3.65418069170466e-15
-7.27940666956652e-15
-6.72432715643711e-16
-2.45064587637012e-15
-1.43051812545544e-15
-1.0892230142865e-15
1.84380426495378e-15
-4.44442039488738e-15
6.02546000008432e-16
4.66853766388999e-16
-1.90479188660504e-15
9.82008956569052e-16
2.53009473732967e-15
-3.9852275249836e-16
2.45318790993562e-15
-9.66297425944776e-16
2.9737297442043e-16
2.43473989952588e-16
4.03646611675663e-15
-2.76394659388929e-15
3.27266557009863e-15
5.09535143068398e-16
-2.83606098883479e-15
3.90610014939693e-15
-1.40525643579846e-15
-2.17804336756051e-16
5.29924962845995e-16
-6.7601401174378e-16
-3.03118599786078e-15
-4.1350122309937e-15
-5.979686734905e-15
8.33615013723619e-15
-2.81052315170815e-15
-3.56925200128132e-16
2.39240795554507e-15
-3.73734114932287e-16
2.09643732025364e-15
-5.16220451428196e-16
-1.31599767237954e-15
-3.9681281515173e-16
1.40108731457931e-15
1.0432184779318e-15
-3.26243164021485e-15
-3.17314948610625e-15
-9.52900233279593e-16
1.88685593190882e-15
-4.96193772501162e-16
4.43526513593681e-15
-1.25455492586259e-15
-3.80965641324419e-15
-7.51107390187699e-16
2.02318286148843e-16
-4.07368407201487e-15
1.64713547410408e-15
-6.37121331479516e-15
-3.54119105743157e-15
4.97276388184455e-15
-3.27138141300445e-15
1.00700139468548e-15
-8.83393690155909e-16
2.22625921355987e-16
-7.63326109341582e-16
3.60267009390983e-15
-1.33958172081666e-16
-4.514907075158e-15
7.76766779082576e-15
-6.48947924361199e-15
-9.67222972378278e-16
-3.5593193343873e-16
2.84804318312386e-15
-1.77924117596619e-15
1.3603277511185e-16
-3.19948205945462e-15
-2.54474337965716e-15
-8.03450798427129e-17
2.08687556847226e-15
-5.45581440928049e-15
2.38295550738964e-15
-5.62639059285934e-15
2.5710182940087e-15
1.58595310616683e-15
-3.30007932330157e-15
4.27089517136494e-15
1.70053137052173e-15
-3.09812104556775e-15
-8.6691370160213e-16
-6.33508361527928e-17
2.17409408755565e-16
-2.88288277941261e-15
-1.79449263196938e-16
-2.2983628464237e-15
-3.60992605394324e-15
-2.45993135018244e-15
4.07727228874864e-15
4.95779828117155e-16
-1.47218102420937e-15
-3.11255030890716e-16
-7.0161831467289e-16
1.4206384872366e-16
-2.4715595141406e-15
-1.48455440803373e-15
-2.26694311529559e-15
-9.37934054692547e-16
-3.79516660799615e-15
-4.23869641457932e-16
4.48498100029298e-16
-6.48013174000401e-16
4.71865709519959e-16
4.08871438553226e-16
4.98196205226766e-16
3.04448489675298e-15
6.6179366850256e-16
-3.9062716290472e-15
8.80254998042997e-16
-1.70323113276571e-15
-6.44419136879064e-15
2.73085379708371e-15
2.04668977539351e-16
-3.05881157315484e-15
1.16270299333759e-15
1.23218522580679e-15
-3.32138834869672e-15
2.01885334542119e-15
-6.7821265838452e-16
-9.7494201796894e-16
2.84807900265684e-15
-4.80321086019474e-15
1.54228266994505e-15
3.8557056733921e-16
-2.01100208168062e-15
3.38979778298908e-15
1.0714116147182e-15
-2.74775620663833e-16
-1.5898668672906e-15
1.17409653563272e-15
1.05489285293624e-15
-3.22489395752071e-16
-2.51217142314522e-16
-1.59487236068425e-16
-2.32734311858218e-15
5.80247679687757e-15
-4.74907931768032e-15
-2.89779422853919e-16
-2.49241794913039e-15
-1.95715980544371e-16
-3.43676786983306e-15
-1.44141851407238e-15
1.83266222330296e-16
1.79867875191712e-15
-4.43501874413015e-15
1.72351120106115e-15
-2.49655483787584e-16
-3.72231468881879e-15
-2.80947711917656e-15
-2.19116107479545e-15
-1.70422854227117e-15
2.86344536232104e-15
-5.46039453821092e-15
6.01953770068888e-16
-3.85079051971762e-15
-9.50126260512114e-16
-1.51069740354656e-15
2.90792814113618e-15
-2.63637377122225e-15
2.04379961506499e-15
-5.71517673484331e-15
8.93056462626672e-16
3.21968595849948e-15
-2.38967778777014e-15
-2.00638286021171e-15
-5.57493392201539e-16
-3.10435218486808e-16
-4.5302443797622e-15
2.06524040004271e-15
-3.09784712598957e-15
1.61026554323678e-15
6.35466431225431e-16
-1.30106635541625e-16
-4.0862823505835e-16
2.38298813367648e-15
-3.66960962324723e-15
2.4456701337546e-15
7.53773528162387e-17
4.88379765489798e-16
1.45316345854028e-15
-2.62450863740659e-15
2.10180516299642e-16
-1.18966628662542e-15
-3.5939416944025e-15
2.76409114456355e-16
-4.10006996580615e-15
-7.01738515433147e-15
6.04755033521339e-16
-1.74906956475072e-15
-1.80884685869318e-16
-2.40524725679259e-15
-2.77185619938836e-15
-2.18977959733589e-15
2.22851027619028e-15
4.82104325901627e-16
-5.26650189300953e-16
5.57450098023772e-16
-1.11205677664456e-15
-1.60664884086542e-16
-1.67134619268157e-15
-1.86627782877104e-15
-2.40831011383735e-15
3.25293591953138e-15
-1.19011261722173e-16
7.80486871147906e-16
-1.61532616344697e-16
-9.60140386074932e-15
7.22066536414642e-15
-5.99588185001656e-16
-5.29927386948813e-16
-1.84641300835225e-15
-6.97774390460028e-15
2.98339212446428e-15
-3.27857210399099e-15
3.53654433657635e-15
-2.60007432022511e-15
1.12411567917882e-15
1.10049243897977e-15
2.07562651114657e-15
-2.25839664312095e-15
-3.1865807108338e-15
1.83733988231525e-15
-5.73025008899064e-15
6.649328493327e-16
-1.13816368815274e-16
-5.07146636960764e-15
-2.06472411766192e-16
-2.0279266010363e-15
-5.81402497291347e-15
9.69326103216962e-16
3.99054495275002e-15
-5.38871146776756e-15
1.58298291114869e-15
-3.9009673393543e-17
-1.14723746036063e-15
-2.59086081312956e-15
1.62514122746434e-15
-4.66231837053077e-15
2.06445564045022e-16
2.8408025076603e-16
-6.41703988437583e-15
5.33366371806357e-15
-3.36947054542103e-15
2.21477812250864e-15
-8.21962335839194e-16
-2.70113046130507e-15
-3.12963320411928e-16
-3.22520422803892e-16
-4.93658289946642e-15
-4.54154613128368e-15
1.79333270641958e-15
-3.61709540286012e-15
-1.10256256672615e-15
2.64787093038658e-15
2.10435166627749e-15
-3.62726575325691e-15
-1.05875878036598e-16
-4.11429367178152e-15
6.16327032573758e-16
-3.53673127164209e-15
-4.7068979324647e-15
7.14578637165291e-15
-2.5488451348187e-15
-1.41222409094311e-15
-1.26543369502441e-15
3.19924995656797e-16
-4.17202999575537e-15
-3.31964192479773e-16
-9.43830516003913e-16
-1.29189581206395e-15
-2.87891707107182e-15
1.50434903946032e-15
9.95180156074179e-16
2.81130523950494e-15
-2.94067106615885e-15
-3.79432915951992e-15
7.61857979289632e-16
1.17624075461487e-15
-1.75731496508304e-15
-7.91692178794264e-16
-4.91557534307075e-16
-1.38957241453023e-15
5.39343065452144e-16
-1.33661093743975e-15
-3.59380301528806e-15
-6.57795909201516e-16
-3.84347547287584e-15
1.00449938189683e-17
1.62869663145132e-15
2.03036907296824e-15
-4.59651106129684e-16
6.21599430760158e-17
-7.17540604965927e-16
4.44310297020742e-15
-4.94022665978324e-15
-1.81065030926961e-15
5.27552913405089e-16
-2.19910973496874e-15
9.99190189773633e-16
3.10051322482534e-15
-5.81456389250627e-15
-7.06209659180804e-17
1.78008948557281e-15
-1.16471717996593e-15
4.50441898436137e-15
-2.48003522555399e-15
-1.07851576650522e-15
-1.38498222571016e-15
-1.15699496242736e-15
-2.92292196818754e-15
3.53736525912752e-15
-3.88022658008169e-15
5.70508986075421e-15
-5.80579045487196e-15
-3.8143325254667e-16
-1.45538230003408e-15
3.54380416450055e-15
-2.36723879972732e-15
3.99679070983544e-15
-4.7936145371816e-15
3.88316303105186e-16
-5.64407049250351e-15
-4.70417208328645e-15
1.42235088325164e-15
-7.00272611455391e-16
-1.91805239563828e-15
-1.76359568437493e-15
-7.71516438869409e-16
2.76101300799417e-16
-8.76107306821194e-16
2.66668436845388e-15
-2.73473059421701e-15
1.25591387499556e-15
-1.53305540826572e-15
-2.52349793072391e-15
-2.01780599255293e-16
-4.56924949169526e-15
2.34078656233172e-15
-6.83547640592968e-15
-1.00486475076958e-15
-1.14741922246894e-15
3.12834636666855e-15
-1.92760297759777e-15
9.78420077314648e-16
-4.7915361329197e-15
6.75505894851321e-16
2.86529000031902e-15
-3.28491872633011e-15
4.17878972373982e-15
-1.07481493256917e-15
-1.44386254246344e-15
-2.55267042272338e-15
1.36068766278414e-15
-3.44237610638309e-15
-3.52256945803665e-15
2.2370637822365e-15
-1.97885819087071e-15
2.27300620974388e-16
-3.78143473664457e-16
-5.47564680110174e-16
1.73759169949754e-15
-4.48181752377521e-15
-2.14340709731323e-16
-4.34720671746795e-15
-7.97006254875787e-16
-1.25255418195131e-16
-1.02531936138631e-15
-6.21752244084509e-16
-1.35633567138015e-18
4.46785930863063e-15
-4.06248770018635e-15
6.2896240588531e-16
1.46328908114797e-15
-5.79777692855081e-15
-9.57418813096808e-16
2.21033534456351e-15
1.32276969925763e-15
-2.29648705586126e-16
-7.19497792921309e-16
9.64331476874583e-17
6.51295023068921e-16
-2.24481042054887e-16
-4.62828236979385e-15
-1.16833231065121e-15
-1.27857055670544e-15
9.75631040653849e-16
2.28619938164858e-15
-3.27469748133018e-16
-3.96573010048965e-15
-2.92169568485433e-15
-1.63453769067524e-15
-1.24368408616423e-15
-3.52997705414616e-15
-2.47091698779532e-15
-1.64224923066106e-15
-1.7983191928144e-15
-2.30389193434272e-15
2.67014887978845e-16
-1.49588510278999e-15
1.00690249151444e-15
-3.98804951989734e-16
-6.260307160441e-15
-3.42705556035981e-15
-2.26040116373282e-15
-1.33403565042891e-15
1.91952292587348e-15
-2.07105963110854e-16
-5.51901342340069e-15
-1.74115220449763e-15
-3.23932345197678e-15
-2.48556690606415e-15
1.59836238078954e-16
1.07419120144503e-15
-2.1474982814604e-15
2.56651171664256e-16
-2.04572313212978e-15
-6.36462920896509e-16
-6.09627044347218e-16
2.87412905075079e-15
-5.42837954528237e-15
-3.47414276412183e-17
-5.28372086933783e-15
-1.45193608080663e-15
-1.7565738829489e-15
8.72001059602026e-16
-6.4341311090311e-16
1.51933087958994e-15
4.46500911752593e-15
-2.89628555467723e-15
-1.23245910933759e-15
-1.79771886912855e-15
6.4027856293994e-15
-3.65508258411499e-15
-1.03629740375016e-15
1.01870165841623e-15
-3.18939252179352e-15
-7.60196325016882e-16
5.42966367264859e-17
-5.41144089061035e-15
-2.18410410778957e-15
-3.71326434699132e-15
1.47481375877224e-15
-2.57153172804363e-15
3.79259122979268e-15
-2.44564920198898e-15
2.91957155465074e-15
-4.00260104963088e-15
1.35199886654888e-15
-3.40518973703962e-15
-1.76934709062669e-15
3.11099363087796e-16
3.02544975125798e-15
-6.51472915122059e-16
-3.30322524105099e-15
4.13654713908877e-16
-3.0769401362732e-15
1.0989519540832e-15
-3.93755075890018e-15
-1.04010910354877e-15
-1.91737896931645e-15
-1.01629134381491e-15
2.82853126119335e-15
-3.7081703853135e-16
-1.68964763981094e-15
3.31103832652545e-15
-6.77303800765364e-15
4.20016047539736e-15
-2.48954158820852e-15
1.12125411510593e-15
3.42701404944889e-15
-2.92926745343049e-15
-5.01153955816145e-16
-1.55254955188176e-15
-6.21046384362091e-16
-3.76517300538571e-15
2.87553486113101e-16
-2.64963062574494e-15
-2.4448933114995e-16
3.46904163986331e-16
2.63753436075892e-15
-2.99660603271983e-15
2.11216322144252e-15
2.18514848910699e-15
-6.28468357354426e-15
2.78386912584199e-15
3.49296431578889e-15
-4.29757123613935e-15
5.29457467766864e-15
-1.34965724803839e-15
-3.24082229698284e-15
1.69256745098235e-15
-2.1124998736567e-15
6.77836656596991e-16
-3.29051228532545e-15
-4.11042531064157e-15
-8.54596835392336e-16
4.07840330231983e-15
-3.41792233822004e-15
3.5003346187269e-17
-3.02637847234524e-15
7.73812763681425e-16
5.02276138127214e-16
4.51305382049349e-16
-1.34204673487285e-15
-1.86030424280316e-15
1.5868530342872e-16
-2.99309583420897e-15
-6.80428012386991e-15
-2.37312642846635e-15
1.28206013995208e-15
2.88066254592752e-15
-4.607849260281e-15
5.17867002133906e-17
-4.1722073473315e-15
-2.29238912325425e-16
-3.22379659586701e-15
2.4414745068617e-15
-6.98302304757367e-15
-2.23856792448135e-15
4.3080250264535e-15
-8.98487500522099e-18
-9.76308407922014e-16
-6.29430839684179e-16
-2.06391098126679e-15
2.3928581661977e-15
-1.25892658483309e-15
-1.45640791460811e-15
-9.92636475460815e-16
-5.93032653024066e-16
2.47801221943236e-15
1.33322096592492e-15
-1.99030822167723e-15
-5.13280881451279e-15
-1.06698354619975e-15
-1.76839792550295e-15
-6.6025160923799e-16
-1.98879363083337e-15
-5.87999587686595e-15
5.50992508915093e-15
3.56480222214608e-16
-5.07630989569667e-15
1.47102812253581e-15
-1.230992791383e-15
-2.15887906856874e-15
-4.29641815808199e-15
-1.25418354051997e-15
1.10511168094139e-15
1.39996894523952e-16
-5.24798409297417e-15
1.88929852300293e-15
1.28841474868502e-15
-3.26830131307013e-15
-1.24997264040955e-15
-1.72835286258381e-15
-9.97918038939062e-16
-4.26495400513002e-15
2.89863317969734e-15
-7.8549682663016e-15
2.94813439219892e-15
-1.49812190341214e-15
-7.81797415527341e-16
-4.11537203953835e-15
2.70218768496739e-16
-2.48455975164578e-15
-6.63949472765435e-16
-1.98456426911362e-15
-4.35874306425351e-16
-2.45096759175904e-15
-3.75831960149809e-15
-2.86556454412059e-15
1.75731101872389e-15
-3.32451357649212e-15
1.64362560563268e-15
2.94726892908661e-15
-5.59808885955787e-15
-2.32411137913562e-15
1.59184991775829e-15
-2.04845704978419e-15
1.95970441023966e-15
-2.36379028938456e-15
-5.58216591483971e-15
-2.21073439118487e-15
2.27831110083909e-15
-6.8157502038479e-15
3.22422211570872e-15
-3.32540337957803e-15
-6.94332667985627e-16
1.92382494405065e-15
-6.74378348650997e-15
1.49698208906136e-15
-4.3444407194813e-15
-1.32270577448786e-16
4.74331912204855e-16
-3.94999149878873e-15
-1.30616581218281e-15
2.76348985791663e-15
-2.29628800696183e-15
-2.64304479331393e-15
1.17305040237281e-15
9.44752458188232e-16
-7.76186755169209e-15
-2.38334523799023e-15
4.73711570328665e-15
-1.87870012745483e-15
-1.21946580659181e-15
-2.4696874532276e-15
1.95023430400534e-15
-1.25878749511178e-16
-2.93912968492166e-15
-2.76989688110726e-16
-5.45142905498573e-15
-5.29722119676471e-16
-3.07306983655471e-16
-3.39926218099217e-16
-1.41514032381011e-15
-7.65239905898213e-16
-3.45473260558404e-15
1.72019363701162e-16
-2.37441874429627e-15
-5.51259516428803e-16
-1.34121110589721e-15
-7.00186966430684e-16
-4.14515293524279e-15
1.37486617998397e-15
-4.12571371549168e-15
-5.93894237700546e-16
-1.76032181359902e-15
1.27619861450125e-15
-1.607892364478e-15
-1.50853094120796e-15
-1.6699888283081e-15
9.99561061563708e-16
-2.58858707589736e-15
-6.65984342166186e-15
-2.34056108525184e-15
1.85262252910876e-15
-2.22795495725621e-15
-2.39117401596377e-15
-2.84174230173858e-15
-1.9299048920026e-15
-1.72318611896117e-15
-2.76249647603698e-15
-4.51261447795327e-15
-6.94131643217835e-16
-4.65720824760726e-15
6.33926153320058e-16
-5.86073672204659e-15
5.30472052184741e-16
-6.87669795752893e-15
3.08226655722237e-15
-3.99387551530649e-15
-2.98262212621386e-15
6.37917471430341e-15
-8.80583068926586e-15
2.87017986515745e-15
-2.45778068582875e-15
-7.51369968505941e-15
-2.70858026712867e-16
1.68463310117886e-15
-2.67645708885113e-15
-3.76184165661042e-15
3.45167854277186e-15
-8.53081090134612e-15
3.14831524140729e-15
-2.71301633467928e-15
7.75394962652472e-16
1.44742490235016e-15
-6.36537634339676e-15
1.94659012820358e-15
3.01322284997356e-16
-3.75421640496207e-15
-1.97840145281687e-15
1.83675443994991e-15
-3.40133457334041e-16
-5.57324567002327e-15
6.74286839798635e-16
-3.69350575143492e-15
-1.01107248095849e-16
-5.3782359061399e-15
3.74907174440051e-16
-1.54504891603706e-15
-1.42833885039403e-15
-1.85614264279876e-15
3.26834297924427e-15
-4.60418174828861e-15
9.02893668061036e-16
-6.34768787621263e-16
-4.58888375751381e-15
-1.21402835694011e-15
-3.61719819492574e-16
-7.5698203726901e-16
-2.5116238452768e-15
-2.38534321080965e-15
-2.96048459210825e-15
3.82192316700848e-15
-2.63208535519222e-15
-2.2375318430229e-15
2.89341940220965e-15
-3.28590527848045e-15
-8.31716849050438e-16
2.40254047706788e-15
-2.57273743438765e-15
-2.94816276996577e-15
-8.0588375949207e-16
-2.76927919537811e-15
-3.91181668724386e-15
-2.81288512859321e-15
-4.85834488529256e-15
3.72665874268531e-15
-3.51384658075387e-16
-3.04597465358113e-15
-5.2524183170912e-16
2.99830000592326e-15
-3.32853756685821e-15
2.11745509439288e-15
-3.60357153272736e-15
1.4303785405497e-15
-3.23462474840383e-16
-3.52092327925606e-15
2.372357408672e-15
-5.95603074245986e-15
-5.70308607195025e-15
-8.40150420801995e-16
3.96271203948109e-16
-4.54255683725286e-15
3.34984818906288e-15
-1.0486121644691e-15
-1.59193954113986e-15
5.43528376967558e-16
8.48880339116022e-16
-4.08659906631508e-15
-2.13699824958678e-16
-2.25487932669154e-15
-4.59110516227993e-15
1.26343134255002e-15
-5.59092930724644e-15
-1.25310943535318e-16
9.54759584872021e-16
-1.99031531871422e-15
-3.49907749424702e-15
4.90987134368545e-16
-4.48251488298682e-15
1.30500097023319e-15
-4.06995212729545e-16
-2.82284200062656e-15
1.15675564166931e-15
8.77348490946173e-16
-3.9467165136252e-15
-3.92843219002157e-15
2.06932686248381e-18
-4.50094827158932e-15
-1.11409304236539e-15
-3.47651124265705e-15
-5.25967846450982e-16
6.65141613691169e-16
-1.25403871210861e-15
-2.47192866833441e-15
3.38414571391736e-15
-7.70222161090959e-15
-2.62041220897321e-15
1.16266910926043e-16
-4.2173524336008e-15
-1.64488862296763e-15
2.68750627949864e-15
-7.55741135662919e-15
4.03603328359201e-15
-2.52147008123477e-15
-2.3220089546434e-15
2.47003183083867e-15
-1.54494963628003e-15
-4.459439839773e-15
1.09732249651656e-15
-2.83942412908452e-15
-2.01361045070075e-15
1.33674068073312e-15
2.97665824057636e-15
-2.77550073870843e-15
5.82856030435061e-16
-2.77280066216681e-15
-1.6783725539078e-15
-2.67543124277972e-15
-5.69660182203158e-15
-2.20592242312753e-15
-7.82712231618386e-16
4.80485161584584e-15
-9.18651402605012e-15
3.03728791952063e-15
-1.84001261867752e-15
-1.3543121656809e-15
3.0504903602964e-16
-1.01315912503804e-15
-2.37187256007437e-15
-6.17545906123575e-15
1.82032597584282e-15
-1.48527369501568e-15
1.48767107140529e-15
-2.76588790264354e-15
-1.94031942197946e-15
1.02781101029537e-15
-3.56349968957991e-15
5.62686630027569e-16
-4.16482270168575e-15
-2.70204705819102e-15
2.92582245673656e-15
-1.08691986053444e-15
-5.91583583214434e-16
-3.66962255984012e-15
4.08733126377536e-15
-2.36269730279308e-15
-1.08063919271218e-15
-3.97370251910161e-15
2.23907400858877e-15
-1.4378781354502e-15
1.97343658860681e-15
-1.95916788093085e-15
-1.13421255387784e-15
-1.53239923518132e-16
-3.59820742334462e-15
1.95134988040715e-15
1.9187384857326e-15
-4.34170233498923e-15
-1.92066645658262e-15
-1.67214630315456e-15
-2.87212098947456e-15
-2.80434029201116e-16
-1.07372736384091e-15
-2.07384894940445e-15
-3.05167512590036e-15
-1.96061004851765e-15
-2.31658361749984e-16
1.08256551732495e-16
-5.55652173288083e-15
-9.46586244916857e-16
-1.26325322032045e-15
1.52057117690697e-15
-2.67321264287391e-16
-9.49036123697386e-16
-1.27905982765645e-15
-3.2034419011653e-15
2.83931953804269e-15
-2.0362055592337e-15
-1.59277356540642e-15
-2.86059623580112e-15
-2.23056169934506e-15
-3.00437547961121e-15
-1.43829560464199e-15
8.93018829418714e-16
4.28706649309313e-16
-2.58624492460777e-15
-1.08337522258485e-15
-2.06628757584726e-15
3.97691232748042e-16
1.19837989951952e-15
2.09464680381718e-15
-6.34677255771483e-15
5.8660919492253e-16
2.14625056296295e-16
-5.03543951749426e-15
1.62635634916689e-15
7.43217639186097e-16
-1.87253129196454e-15
3.42415644735646e-15
-5.6629709616678e-15
1.57555004725187e-15
-1.81172163314737e-15
-1.42859348583481e-15
-2.17620091080782e-15
8.81827271554169e-16
-1.81787848319351e-16
-4.98641885667188e-15
-1.64893454032736e-16
2.24632660866214e-16
-7.55193305775073e-16
2.37819078568448e-15
1.13851507353729e-15
-4.06175934113441e-15
1.311497999436e-15
-1.66452780004606e-16
2.95675881142001e-15
-5.40626087283182e-15
-9.9570480216245e-17
-2.19901557664716e-16
-1.39696730829214e-15
-4.66898956510046e-15
-6.49198400822228e-16
-4.25172697907737e-15
-2.74993978412923e-15
-1.01493294899523e-15
-2.8549671446284e-15
2.29783616264627e-15
-2.95443866427881e-15
-4.93771971606196e-15
1.05778893324913e-15
-3.33810157910231e-15
-5.2975475590624e-16
-7.27217035934498e-17
-2.41132278752283e-15
1.97408622845293e-16
-9.0295975844781e-16
3.02694427461218e-15
-2.55123809017654e-15
-2.90014285502688e-15
-2.38757094879976e-15
-3.37167407168891e-15
1.77550970491925e-15
-4.61319529972413e-15
-1.35972644594331e-15
-3.58318476801095e-15
-6.67187714184978e-16
1.17093554599211e-15
1.24893943132689e-15
-5.76676962545747e-15
3.62619907623705e-15
-4.05360859416451e-15
-3.67056129186081e-15
4.02604872549686e-15
-4.70085942816111e-15
-2.11905808688638e-15
-3.42926792307223e-16
-4.99826622155119e-15
-1.88985108927925e-15
-6.97401890397395e-16
-2.07230985726996e-15
-4.23157683156904e-15
-1.35538060366929e-15
-6.18220545587116e-15
2.52697722667182e-16
2.9754109375491e-15
-6.04579453667633e-15
3.3969509494208e-15
-1.8829281262946e-15
-3.05042867761382e-16
2.95505521008543e-15
-4.87849853703427e-15
-5.7290756261227e-16
-1.47047998151804e-15
-1.33717709872004e-15
3.29864404061542e-15
-9.267354072318e-16
-4.60656859897376e-16
6.53763820502066e-16
-8.74957465584429e-16
-6.77978099680904e-15
9.22629543539689e-16
-3.11774528040106e-15
-1.67519662233051e-15
-3.07116141204269e-15
-7.10479384269924e-16
2.66354624828451e-15
-3.39245847590143e-15
-4.35865548794908e-16
-1.16324752238841e-15
-3.06826783624943e-15
-4.31027728658163e-15
-4.39063785052855e-15
1.85109337241816e-15
-3.5381784621939e-15
-3.29123303139629e-15
-4.38470806631992e-17
-2.49178311318221e-15
-4.62978833275119e-15
3.48398296923298e-16
-4.08875693777117e-15
4.58834325731513e-15
-3.14748416682408e-15
-6.9636088623676e-15
5.67003349062395e-15
-4.44617633116682e-15
3.50046102931043e-15
-5.45657209015041e-15
-3.16951652997618e-15
-3.98025910245201e-15
-2.33375298541509e-15
-2.28216825150131e-15
-1.22698542029549e-15
-4.35087866669473e-15
-2.75405606336206e-15
-3.26017821440672e-16
2.34540894241535e-15
-4.11938920141912e-15
2.76767263688339e-16
-1.90496350045699e-15
5.33335714103635e-16
-4.92900903891531e-15
-4.67398453179838e-15
-1.43633520049378e-15
2.11862948284733e-15
-3.04229729407964e-15
-3.98669752731085e-16
-3.14929384879339e-15
-5.52636881121177e-15
6.54655968484562e-16
-5.35547464231689e-15
-3.26165209645071e-15
-2.38514423385469e-15
-2.98465190611601e-15
-3.54172148434481e-15
2.48389031028618e-16
3.86693855124413e-15
-7.16610429815277e-15
7.4466155738495e-16
-7.0314031662029e-15
-2.21482714371682e-15
-2.08233981944171e-15
-5.2982489370208e-15
8.77997137147387e-16
-2.1693703228164e-15
3.12111228741572e-16
-6.94354763838536e-15
3.95368753595611e-15
-5.17255514680983e-15
-3.49724234777271e-15
1.66486850838263e-15
-3.69098075560223e-15
-7.33229012932953e-15
-2.93058006174884e-15
-3.72071826058567e-15
8.1329515039881e-16
-3.18343777459408e-15
1.27986243699825e-17
2.97780989659074e-15
-4.17769640198999e-15
9.30850060744373e-16
4.07869618544759e-15
-8.21114960898811e-15
3.77868161600516e-16
-1.71964904241436e-15
-4.71291393975057e-15
-1.27008361008129e-15
3.63014574268344e-15
-5.62755568169218e-15
-1.02912841074662e-15
-1.69924053694909e-15
-3.03836372363582e-15
-4.65393304594854e-15
2.4414337633834e-15
-5.54134904564458e-15
-2.66021321032912e-15
-4.41077156729802e-15
-1.04818745120028e-15
1.92555671132286e-16
-1.91816407739794e-15
-5.28398128690398e-16
5.07303873984098e-16
1.2550794158442e-15
2.50708142976061e-15
-2.93577260387942e-15
-7.51210841782434e-16
1.58732871314538e-16
-2.09479709000803e-15
-6.82783321400853e-16
-3.27349758468809e-16
-4.98320626988584e-15
-2.26281970750366e-15
5.71314974475504e-15
-5.82769238965187e-15
2.47528350898901e-15
2.11268822162796e-15
-2.20317013287462e-15
-1.82543837839684e-15
-1.24468270175103e-15
-3.98613442759131e-15
6.61066112940059e-16
2.08382790158537e-15
-4.04341798888136e-15
3.94243186494151e-16
-4.05362356124907e-15
-9.43966645634511e-16
-3.91763015488975e-15
-6.31353856078747e-15
-3.49844329460269e-16
9.33577914190035e-16
-3.17986830002841e-15
2.10693001283313e-15
-1.19313401709102e-15
-1.89345433641765e-15
-1.13562576989112e-16
-4.0166999764739e-15
1.60088281905304e-15
-1.27749953554328e-15
-2.49739734844973e-15
-4.32166327719553e-15
5.37787340232671e-16
-7.62709144115269e-16
1.01613220200281e-15
1.99400228411094e-15
-2.65536812619804e-15
-2.71380750738362e-15
7.72869842661308e-16
-3.94952790270407e-15
4.61816598552436e-15
-2.60591271684934e-15
-6.86565098783562e-15
3.20031542914763e-15
-1.71526795568206e-15
-5.2922516688016e-15
-1.28920387221231e-15
-2.21965721769309e-15
-4.56621932706055e-15
1.61754656502658e-15
-1.30670310101665e-15
-2.96858378812795e-15
-2.83754022113468e-15
-1.48238648278845e-15
-2.36646304489548e-15
1.35454537196637e-15
-3.08261331466861e-15
-2.41103855347205e-16
-5.28956418112516e-15
-1.17856275065625e-15
-2.60645740000239e-15
2.64760914740151e-15
-3.26681417630259e-15
9.70155330451105e-16
-2.40686386144946e-15
-4.97949801829735e-16
1.5269902909998e-15
-1.88015741878447e-15
-5.75236816026607e-16
-2.68555501601467e-15
-6.11341082914344e-16
-2.7499282815121e-15
4.11108784145484e-16
-4.36239954353041e-15
2.69986848595152e-15
4.68241903367844e-16
-1.41200034462239e-15
3.51669176542284e-15
1.171059657263e-15
-3.28463220320207e-15
2.08520147200607e-15
-3.46884927605054e-15
-1.65170578087366e-15
-2.95031611415544e-16
-1.5228355946459e-15
-3.61710160991625e-15
1.86481653631813e-15
-6.13246848031106e-15
2.06730300527421e-15
-6.06969983750588e-16
-4.59354265584125e-15
-2.57101189164586e-15
2.21983411321306e-15
-8.09449370207597e-15
-6.47459221370941e-16
-2.9020229055459e-15
-5.15725401387976e-15
6.21675210280261e-15
-5.04864553062172e-15
-4.27168060628223e-15
-8.66992462588097e-16
-2.75577616938617e-15
3.17686053497762e-16
2.28483898632338e-15
-3.58672673866379e-15
2.6330624140588e-15
-2.13051413482323e-15
-5.32711264730362e-15
3.54149541700537e-15
-6.79537901134936e-15
-5.33085420671695e-15
1.10953161846596e-15
2.15377415001311e-15
-7.36940655929573e-15
-3.74673102098052e-16
1.36121082121933e-15
-4.28720491230049e-15
-4.48380543899871e-15
-3.14816896967713e-15
-1.91092606605135e-15
-3.1970053773791e-15
-3.23840744982284e-15
1.69974613289074e-15
4.34919736608004e-15
-2.23268183261346e-14
2.28592391789023e-13
3.52256928749334e-13
1.81787358260413e-13
1.09050210742063e-13
5.63671218432486e-14
3.12967119876322e-14
2.16131835104575e-14
1.06387685037158e-14
4.19234851706474e-15
9.58527213601457e-15
-1.2645452949124e-15
-1.66980290139958e-15
1.3777185839661e-15
-5.186474723073e-15
2.57900155373009e-15
-4.18050495142062e-15
-2.03465619357295e-15
-2.47215858030594e-15
-3.68156091923981e-15
1.79146765574978e-15
-4.59120111777755e-15
-1.57307071357008e-16
-3.50506876351705e-16
3.61321534418598e-16
-3.79518252171339e-15
-2.38413501368946e-15
